   37.00000       37.00000               1
   112.0000       75.00000               2
   194.0000       82.00000               3
   288.0000       94.00000               4
   395.0000       107.0000               5
   520.0000       125.0000               6
   667.0000       147.0000               7
   843.0000       176.0000               8
   1062.000       219.0000               9
   1331.000       269.0000              10
   1664.000       333.0000              11
   2274.000       610.0000              12
   3097.000       823.0000              13
   4119.000       1022.000              14
   5310.000       1191.000              15
   6555.000       1245.000              16
   7763.000       1208.000              17
   8931.000       1168.000              18
   10048.00       1117.000              19
   11116.00       1068.000              20
   12141.00       1025.000              21
   13138.00       997.0000              22
   14115.00       977.0000              23
   15063.00       948.0000              24
   15984.00       921.0000              25
   16900.00       916.0000              26
   17800.00       900.0000              27
   18700.00       900.0000              28
   19800.00      1100.0000              29
   21000.00      1200.0000              30 
   22500.00      1500.0000              31
   24000.00      1500.0000              32
   25500.00      1500.0000              33
   27000.00      1500.0000              34
