  0.0000000E+00           1
   40.00000               2   40.00000    
   82.40000               3   42.40000    
   127.3440               4   44.94400    
   174.9846               5   47.64064    
   225.4837               6   50.49908    
   279.0128               7   53.52902    
   335.7535               8   56.74077    
   395.8987               9   60.14521    
   459.6526              10   63.75392    
   527.2318              11   67.57916    
   598.8657              12   71.63391    
   674.7977              13   75.93195    
   755.2855              14   80.48785    
   840.6027              15   85.31713    
   931.0388              16   90.43616    
   1026.901              17   95.86233    
   1129.591              18   102.6901    
   1242.550              19   112.9591    
   1366.805              20   124.2550    
   1503.486              21   136.6805    
   1653.834              22   150.3486    
   1819.218              23   165.3835    
   2001.140              24   181.9218    
   2201.311              25   200.1709    
   2431.507              26   230.1966    
   2696.233              27   264.7261    
   3000.668              28   304.4350    
   3350.769              29   350.1002    
   3753.384              30   402.6153    
   4216.392              31   463.0076    
   4716.392              32   500.0000    
   5216.392              33   500.0000    
   5716.392              34   500.0000    
   6216.392              35   500.0000    
   6716.392              36   500.0000    
   7216.392              37   500.0000    
   7716.392              38   500.0000    
   8216.392              39   500.0000    
   8716.392              40   500.0000    
   9216.392              41   500.0000    
   9716.392              42   500.0000    
   10216.39              43   500.0000    
   10716.39              44   500.0000    
   11216.39              45   500.0000    
   11716.39              46   500.0000    
   12216.39              47   500.0000    
   12716.39              48   500.0000    
   13216.39              49   500.0000    
   13716.39              50   500.0000    
   14216.39              51   500.0000    
   14716.39              52   500.0000    
   15216.39              53   500.0000    
   15716.39              54   500.0000    
   16216.39              55   500.0000    
   16716.39              56   500.0000    
   17216.39              57   500.0000    
   17716.39              58   500.0000    
   18216.39              59   500.0000    
   18747.30              60   530.9130    
   19354.06              61   606.7576    
   20047.50              62   693.4373    
   20840.00              63   792.4998    
   21745.71              64   905.7140    
   22780.81              65   1035.102    
   23963.79              66   1182.974    
   25315.76              67   1351.970    
   26815.76              68   1500.000    
   28315.76              69   1500.000    
   29815.76              70   1500.000    
   31315.76              71   1500.000    
   32815.76              72   1500.000    
   34315.76              73   1500.000    
   35815.76              74   1500.000    
   37315.76              75   1500.000  
