0  1
20  2  20
42  3  22
66.2  4  24.2
92.82  5  26.62
122.102  6  29.282
154.312  7  32.2102
189.743  8  35.4312
228.718  9  38.9743
271.59  10  42.8718
318.749  11  47.159
370.623  12  51.8749
427.686  13  57.0623
490.454  14  62.7686
559.5  15  69.0454
635.45  16  75.95
718.995  17  83.545
810.894  18  91.8995
911.984  19  101.089
1023.18  20  111.198
1145.5  21  122.318
1280.05  22  134.55
1428.06  23  148.005
1590.86  24  162.806
1769.95  25  179.086
1966.94  26  196.995
2183.64  27  216.694
2422  28  238.364
2684.2  29  262.2
2972.62  30  288.42
3289.88  31  317.262
3638.87  32  348.988
4022.76  33  383.887
4445.03  34  422.276
4909.54  35  464.503
5409.54  36  500
5909.54  37  500
6409.54  38  500
6909.54  39  500
7409.54  40  500
7909.54  41  500
8409.54  42  500
8909.54  43  500
9409.54  44  500
9909.54  45  500
10409.5  46  500
10909.5  47  500
11409.5  48  500
11909.5  49  500
12409.5  50  500
12909.5  51  500
13409.5  52  500
13909.5  53  500
14409.5  54  500
14909.5  55  500
15409.5  56  500
15909.5  57  500
16409.5  58  500
16909.5  59  500
17409.5  60  500
17909.5  61  500
18409.5  62  500
18959.5  63  550
19564.5  64  605
20230  65  665.5
20962.1  66  732.05
21767.3  67  805.255
22653.1  68  885.781
23627.5  69  974.359
24627.5  70  1000
25627.5  71  1000
26627.5  72  1000
27627.5  73  1000
28627.5  74  1000
29627.5  75  1000
30627.5  76  1000
31627.5  77  1000
32627.5  78  1000
33627.5  79  1000
34627.5  80  1000
35627.5  81  1000
