   day sst(K) H(W/m2) LE(W/m2) TAU(m2/s2)                              
  274.00000      301.71799      8.7919998      102.32800      0.0000000      0.0000000    
  274.12500      301.71799      8.7919998      102.32800      0.0000000      0.0000000    
  274.25000      302.09299      7.9180002      100.66600      0.0000000      0.0000000    
  274.37500      302.07101      8.8079996      110.93400      0.0000000      0.0000000    
  274.50000      301.70599      7.5130000      109.52000      0.0000000      0.0000000    
  274.62500      301.79199      4.9270000      112.44400      0.0000000      0.0000000    
  274.75000      301.79599      6.6440001      111.42500      0.0000000      0.0000000    
  274.87500      301.79700      11.272000      116.30900      0.0000000      0.0000000    
  275.00000      301.79901      14.096000      120.77300      0.0000000      0.0000000    
  275.12500      301.82800      11.744000      125.57300      0.0000000      0.0000000    
  275.25000      301.95499      10.084000      129.13200      0.0000000      0.0000000    
  275.37500      301.91000      10.369000      137.11501      0.0000000      0.0000000    
  275.50000      301.81400      9.4709997      136.46700      0.0000000      0.0000000    
  275.62500      301.71500      4.4959998      127.10600      0.0000000      0.0000000    
  275.75000      301.71899      5.8049998      125.45200      0.0000000      0.0000000    
  275.87500      301.72101      8.9099998      135.41600      0.0000000      0.0000000    
  276.00000      301.72400      11.362000      146.03600      0.0000000      0.0000000    
  276.12500      301.73099      8.9709997      139.46800      0.0000000      0.0000000    
  276.25000      301.84299      7.5040002      143.34100      0.0000000      0.0000000    
  276.37500      301.80899      7.4740000      151.11700      0.0000000      0.0000000    
  276.50000      301.72198      6.1739998      150.79300      0.0000000      0.0000000    
  276.62500      301.89001      6.2309999      149.35500      0.0000000      0.0000000    
  276.75000      301.88901      5.8820000      145.08800      0.0000000      0.0000000    
  276.87500      301.88800      8.0950003      147.33099      0.0000000      0.0000000    
  277.00000      301.88101      9.9930000      147.97701      0.0000000      0.0000000    
  277.12500      301.89099      9.2889996      143.85300      0.0000000      0.0000000    
  277.25000      302.05899      8.4580002      141.61099      0.0000000      0.0000000    
  277.37500      302.02701      9.0100002      147.03200      0.0000000      0.0000000    
  277.50000      301.87900      7.9359999      140.22099      0.0000000      0.0000000    
  277.62500      301.77301      8.9659996      135.21800      0.0000000      0.0000000    
  277.75000      301.76099      9.0190001      122.82100      0.0000000      0.0000000    
  277.87500      301.75601      11.073000      121.31900      0.0000000      0.0000000    
  278.00000      301.74799      11.828000      126.02800      0.0000000      0.0000000    
  278.12500      301.79199      7.9610000      101.33400      0.0000000      0.0000000    
  278.25000      302.24200      7.4499998      102.44400      0.0000000      0.0000000    
  278.37500      302.31900      8.2819996      111.98800      0.0000000      0.0000000    
  278.50000      301.78500      6.1880002      108.78300      0.0000000      0.0000000    
  278.62500      301.61899      2.8000000      89.541000      0.0000000      0.0000000    
  278.75000      301.61200      3.0130000      86.305000      0.0000000      0.0000000    
  278.87500      301.61801      5.1290002      96.267998      0.0000000      0.0000000    
  279.00000      301.62201      7.0830002      106.68000      0.0000000      0.0000000    
  279.12500      301.67401      6.0060000      108.95400      0.0000000      0.0000000    
  279.25000      301.93100      6.1069999      115.37000      0.0000000      0.0000000    
  279.37500      301.85501      6.7379999      128.68100      0.0000000      0.0000000    
  279.50000      301.66101      5.4180002      131.10800      0.0000000      0.0000000    
  279.62500      301.82199      5.5790000      130.71300      0.0000000      0.0000000    
  279.75000      301.82101      6.3140001      123.71900      0.0000000      0.0000000    
  279.87500      301.82401      8.9519997      129.17999      0.0000000      0.0000000    
  280.00000      301.82401      10.767000      134.03400      0.0000000      0.0000000    
  280.12500      301.86200      6.7259998      133.69701      0.0000000      0.0000000    
  280.25000      302.07700      6.6490002      130.64200      0.0000000      0.0000000    
  280.37500      302.02399      7.8969998      141.08099      0.0000000      0.0000000    
  280.50000      301.84799      6.7579999      134.81100      0.0000000      0.0000000    
  280.62500      301.95001      5.4489999      125.07400      0.0000000      0.0000000    
  280.75000      301.95099      5.8080001      118.56800      0.0000000      0.0000000    
  280.87500      301.95200      8.1129999      123.62500      0.0000000      0.0000000    
  281.00000      301.95001      9.9270000      127.12400      0.0000000      0.0000000    
  281.12500      301.98999      6.0929999      121.08500      0.0000000      0.0000000    
  281.25000      302.24100      6.3460002      127.00600      0.0000000      0.0000000    
  281.37500      302.17999      7.2160001      137.80299      0.0000000      0.0000000    
  281.50000      301.97699      5.8260002      136.50101      0.0000000      0.0000000    
  281.62500      302.12601      4.6199999      130.37500      0.0000000      0.0000000    
  281.75000      302.12601      5.3090000      127.25600      0.0000000      0.0000000    
  281.87500      302.12701      7.7589998      128.34000      0.0000000      0.0000000    
  282.00000      302.12701      10.011000      132.42400      0.0000000      0.0000000    
  282.12500      302.16699      10.277000      124.16600      0.0000000      0.0000000    
  282.25000      302.42599      10.074000      129.22200      0.0000000      0.0000000    
  282.37500      302.39099      10.899000      143.29601      0.0000000      0.0000000    
  282.50000      302.15399      9.1990004      142.07300      0.0000000      0.0000000    
  282.62500      301.88901      6.7940001      124.07500      0.0000000      0.0000000    
  282.75000      301.89700      7.1950002      126.86300      0.0000000      0.0000000    
  282.87500      301.89999      9.7440004      137.04401      0.0000000      0.0000000    
  283.00000      301.89700      11.743000      146.76500      0.0000000      0.0000000    
  283.12500      301.92001      7.5900002      138.76199      0.0000000      0.0000000    
  283.25000      302.09601      7.0380001      140.06000      0.0000000      0.0000000    
  283.37500      302.04001      7.5079999      149.00101      0.0000000      0.0000000    
  283.50000      301.91901      6.5530000      144.83900      0.0000000      0.0000000    
  283.62500      302.03799      6.5910001      142.29800      0.0000000      0.0000000    
  283.75000      302.03799      7.4099998      137.49500      0.0000000      0.0000000    
  283.87500      302.04401      10.429000      147.30701      0.0000000      0.0000000    
  284.00000      302.04099      12.707000      156.72301      0.0000000      0.0000000    
  284.12500      302.04300      10.871000      163.87601      0.0000000      0.0000000    
  284.25000      302.19800      9.3000002      161.18800      0.0000000      0.0000000    
  284.37500      302.16800      8.9829998      160.38300      0.0000000      0.0000000    
  284.50000      302.04999      8.8090000      156.71899      0.0000000      0.0000000    
  284.62500      302.07401      8.8009996      154.46500      0.0000000      0.0000000    
  284.75000      302.07001      9.9910002      137.99800      0.0000000      0.0000000    
  284.87500      302.07199      14.103000      136.06000      0.0000000      0.0000000    
  285.00000      302.07101      17.674999      145.69200      0.0000000      0.0000000    
  285.12500      302.09399      11.468000      146.62300      0.0000000      0.0000000    
  285.25000      302.24500      9.5450001      149.83900      0.0000000      0.0000000    
  285.37500      302.20200      9.2030001      154.61400      0.0000000      0.0000000    
  285.50000      302.10101      10.166000      151.76601      0.0000000      0.0000000    
  285.62500      302.10599      10.836000      142.11600      0.0000000      0.0000000    
  285.75000      302.09698      12.760000      132.03799      0.0000000      0.0000000    
  285.87500      302.09100      15.893000      132.97400      0.0000000      0.0000000    
  286.00000      302.08701      17.047001      136.55499      0.0000000      0.0000000    
  286.12500      302.12000      9.9139996      127.81900      0.0000000      0.0000000    
  286.25000      302.36801      9.4080000      123.06400      0.0000000      0.0000000    
  286.37500      302.31799      10.603000      125.19300      0.0000000      0.0000000    
  286.50000      302.10800      10.356000      119.39500      0.0000000      0.0000000    
  286.62500      301.96500      7.3270001      98.176003      0.0000000      0.0000000    
  286.75000      301.96899      7.8850002      95.027000      0.0000000      0.0000000    
  286.87500      301.97101      10.280000      101.52200      0.0000000      0.0000000    
  287.00000      301.96701      11.719000      104.87400      0.0000000      0.0000000    
  287.12500      302.02499      7.1300001      91.082001      0.0000000      0.0000000    
  287.25000      302.51199      8.3149996      92.819000      0.0000000      0.0000000    
  287.37500      302.48300      11.065000      105.70000      0.0000000      0.0000000    
  287.50000      302.01501      10.326000      103.72700      0.0000000      0.0000000    
  287.62500      302.01700      6.3969998      83.321999      0.0000000      0.0000000    
  287.75000      302.01599      7.2570000      82.635002      0.0000000      0.0000000    
  287.87500      302.01700      9.9239998      88.481003      0.0000000      0.0000000    
  288.00000      302.01801      13.122000      98.806999      0.0000000      0.0000000    
  288.12500      302.09399      10.840000      90.724998      0.0000000      0.0000000    
  288.25000      302.50299      12.251000      97.522003      0.0000000      0.0000000    
  288.37500      302.52100      14.473000      109.17500      0.0000000      0.0000000    
  288.50000      302.04501      12.000000      101.89500      0.0000000      0.0000000    
  288.62500      302.23199      8.9060001      95.777000      0.0000000      0.0000000    
  288.75000      302.23300      10.114000      94.940002      0.0000000      0.0000000    
  288.87500      302.23199      12.894000      101.46700      0.0000000      0.0000000    
  289.00000      302.22601      16.252001      109.46000      0.0000000      0.0000000    
  289.12500      302.27499      12.685000      92.101997      0.0000000      0.0000000    
  289.25000      302.69101      14.227000      99.317001      0.0000000      0.0000000    
  289.37500      302.67300      16.743000      112.90200      0.0000000      0.0000000    
  289.50000      302.27802      16.563000      115.39800      0.0000000      0.0000000    
  289.62500      302.23300      15.176000      121.52700      0.0000000      0.0000000    
  289.75000      302.22501      14.222000      115.63800      0.0000000      0.0000000    
  289.87500      302.21201      14.450000      111.58900      0.0000000      0.0000000    
  290.00000      302.20700      14.716000      111.65900      0.0000000      0.0000000    
  290.12500      302.25601      15.157000      124.11500      0.0000000      0.0000000    
  290.25000      302.55600      14.784000      123.92200      0.0000000      0.0000000    
  290.37500      302.55399      15.689000      130.07899      0.0000000      0.0000000    
  290.50000      302.27701      14.706000      123.54700      0.0000000      0.0000000    
  290.62500      301.80801      6.7430000      94.403999      0.0000000      0.0000000    
  290.75000      301.80899      9.0129995      93.394997      0.0000000      0.0000000    
  290.87500      301.79800      11.466000      93.774002      0.0000000      0.0000000    
  291.00000      301.78500      12.490000      90.041000      0.0000000      0.0000000    
  291.12500      301.86899      10.195000      93.324997      0.0000000      0.0000000    
  291.25000      302.31601      10.157000      96.480003      0.0000000      0.0000000    
  291.37500      302.40302      12.260000      106.61100      0.0000000      0.0000000    
  291.50000      301.92001      13.397000      103.93100      0.0000000      0.0000000    
  291.62500      301.90100      11.573000      104.81200      0.0000000      0.0000000    
  291.75000      301.88699      13.034000      96.206001      0.0000000      0.0000000    
  291.87500      301.88101      16.202000      99.070999      0.0000000      0.0000000    
  292.00000      301.87601      17.945000      102.20100      0.0000000      0.0000000    
  292.12500      301.94101      14.166000      100.82700      0.0000000      0.0000000    
  292.25000      302.24799      14.891000      105.49700      0.0000000      0.0000000    
  292.37500      302.17700      17.850000      118.82300      0.0000000      0.0000000    
  292.50000      301.93100      18.360001      122.11500      0.0000000      0.0000000    
  292.62500      302.18701      17.170000      140.84801      0.0000000      0.0000000    
  292.75000      302.18500      17.712000      133.09801      0.0000000      0.0000000    
  292.87500      302.16901      20.094999      125.56100      0.0000000      0.0000000    
  293.00000      302.14401      19.167999      113.05900      0.0000000      0.0000000    
  293.12500      302.20999      14.817000      117.52600      0.0000000      0.0000000    
  293.25000      302.57001      14.830000      112.80500      0.0000000      0.0000000    
  293.37500      302.62399      16.987000      117.20500      0.0000000      0.0000000    
  293.50000      302.29501      15.912000      111.73000      0.0000000      0.0000000    
  293.62500      302.42700      14.161000      103.11800      0.0000000      0.0000000    
  293.75000      302.42099      14.815000      99.073997      0.0000000      0.0000000    
  293.87500      302.40900      16.239000      99.671997      0.0000000      0.0000000    
  294.00000      302.40302      17.386999      99.940002      0.0000000      0.0000000    
  294.12500      302.45999      16.367001      106.59200      0.0000000      0.0000000    
  294.25000      302.84799      14.958000      105.22500      0.0000000      0.0000000    
  294.37500      302.93799      16.139000      114.54000      0.0000000      0.0000000    
  294.50000      302.51199      16.188000      112.19900      0.0000000      0.0000000    
  294.62500      302.28500      16.256001      110.87500      0.0000000      0.0000000    
  294.75000      302.27499      16.077000      99.110001      0.0000000      0.0000000    
  294.87500      302.26599      17.816000      98.464996      0.0000000      0.0000000    
  295.00000      302.26700      19.247000      101.49500      0.0000000      0.0000000    
  295.12500      302.32401      24.188000      128.36800      0.0000000      0.0000000    
  295.25000      302.48599      24.003000      123.61000      0.0000000      0.0000000    
  295.37500      302.45700      26.469000      133.12199      0.0000000      0.0000000    
  295.50000      302.31000      25.115999      131.66600      0.0000000      0.0000000    
  295.62500      302.23801      22.568001      141.46899      0.0000000      0.0000000    
  295.75000      302.23401      20.671000      136.86000      0.0000000      0.0000000    
  295.87500      302.22501      20.496000      130.91400      0.0000000      0.0000000    
  296.00000      302.21701      20.002001      125.62700      0.0000000      0.0000000    
  296.12500      302.25699      18.525999      130.25000      0.0000000      0.0000000    
  296.25000      302.52499      18.240999      123.38500      0.0000000      0.0000000    
  296.37500      302.59399      20.000999      126.31400      0.0000000      0.0000000    
  296.50000      302.29199      18.931000      122.55500      0.0000000      0.0000000    
  296.62500      302.15900      15.893000      114.42500      0.0000000      0.0000000    
  296.75000      302.15500      16.554001      110.56000      0.0000000      0.0000000    
  296.87500      302.15201      19.268000      111.43500      0.0000000      0.0000000    
  297.00000      302.14200      19.516001      110.71400      0.0000000      0.0000000    
  297.12500      302.18500      20.195999      119.68000      0.0000000      0.0000000    
  297.25000      302.40799      18.052000      110.59300      0.0000000      0.0000000    
  297.37500      302.49100      18.520000      108.93200      0.0000000      0.0000000    
  297.50000      302.23099      16.805000      101.77300      0.0000000      0.0000000    
  297.62500      302.19299      17.900000      114.74500      0.0000000      0.0000000    
  297.75000      302.19400      16.702999      111.82100      0.0000000      0.0000000    
  297.87500      302.19000      17.108000      115.70100      0.0000000      0.0000000    
  298.00000      302.19000      17.790001      118.96900      0.0000000      0.0000000    
  298.12500      302.22198      17.978001      126.32000      0.0000000      0.0000000    
  298.25000      302.38199      17.421000      122.56900      0.0000000      0.0000000    
  298.37500      302.31601      19.294001      133.50000      0.0000000      0.0000000    
  298.50000      302.22000      19.002001      138.38600      0.0000000      0.0000000    
  298.62500      302.16000      15.006000      118.01400      0.0000000      0.0000000    
  298.75000      302.16400      16.756001      114.98000      0.0000000      0.0000000    
  298.87500      302.16299      20.389999      120.95000      0.0000000      0.0000000    
  299.00000      302.16299      22.533001      124.46600      0.0000000      0.0000000    
  299.12500      302.19400      23.729000      130.98599      0.0000000      0.0000000    
  299.25000      302.37900      23.243000      129.23000      0.0000000      0.0000000    
  299.37500      302.39499      24.474001      131.91100      0.0000000      0.0000000    
  299.50000      302.19699      25.114000      132.01199      0.0000000      0.0000000    
  299.62500      302.16400      21.621000      122.80400      0.0000000      0.0000000    
  299.75000      302.15900      20.650999      116.14900      0.0000000      0.0000000    
  299.87500      302.16000      22.318001      119.17800      0.0000000      0.0000000    
  300.00000      302.16501      24.153000      127.12400      0.0000000      0.0000000    
  300.12500      302.18500      24.047001      143.27600      0.0000000      0.0000000    
  300.25000      302.27200      23.281000      143.37300      0.0000000      0.0000000    
  300.37500      302.29401      23.032000      150.32800      0.0000000      0.0000000    
  300.50000      302.19601      21.041000      147.64000      0.0000000      0.0000000    
  300.62500      302.19299      19.260000      150.44299      0.0000000      0.0000000    
  300.75000      302.19299      17.558001      135.45700      0.0000000      0.0000000    
  300.87500      302.18701      17.544001      131.37500      0.0000000      0.0000000    
  301.00000      302.17999      17.455999      130.27499      0.0000000      0.0000000    
  301.12500      302.20599      17.341999      139.08000      0.0000000      0.0000000    
  301.25000      302.41901      15.002000      131.80000      0.0000000      0.0000000    
  301.37500      302.37299      15.050000      131.40100      0.0000000      0.0000000    
  301.50000      302.20599      14.795000      116.68700      0.0000000      0.0000000    
  301.62500      302.17401      13.361000      102.01400      0.0000000      0.0000000    
  301.75000      302.17801      13.062000      100.77700      0.0000000      0.0000000    
  301.87500      302.17499      14.530000      101.80500      0.0000000      0.0000000    
  302.00000      302.17001      14.072000      97.987999      0.0000000      0.0000000    
  302.12500      302.21100      18.618000      119.25800      0.0000000      0.0000000    
  302.25000      302.42099      17.570999      117.80300      0.0000000      0.0000000    
  302.37500      302.44800      18.714001      127.72900      0.0000000      0.0000000    
  302.50000      302.22800      18.207001      128.79900      0.0000000      0.0000000    
  302.62500      302.10101      16.790001      124.45700      0.0000000      0.0000000    
  302.75000      302.09201      17.073000      117.56000      0.0000000      0.0000000    
  302.87500      302.09100      20.072001      120.21000      0.0000000      0.0000000    
  303.00000      302.08801      24.016001      131.98000      0.0000000      0.0000000    
  303.12500      302.10300      23.825001      139.80600      0.0000000      0.0000000    
  303.25000      302.15100      25.864000      151.29800      0.0000000      0.0000000    
  303.37500      302.16199      29.768999      171.04100      0.0000000      0.0000000    
  303.50000      302.10300      32.108002      189.71700      0.0000000      0.0000000    
  303.62500      302.05600      27.386999      203.27299      0.0000000      0.0000000    
  303.75000      302.05200      22.343000      192.14500      0.0000000      0.0000000    
  303.87500      302.04300      19.547001      177.85400      0.0000000      0.0000000    
  304.00000      302.03900      17.879000      164.92101      0.0000000      0.0000000    
  304.12500      302.05600      18.895000      160.57600      0.0000000      0.0000000    
  304.25000      302.16000      20.226999      157.01300      0.0000000      0.0000000    
  304.37500      302.12201      24.216999      159.53900      0.0000000      0.0000000    
  304.50000      302.04199      24.372000      148.86000      0.0000000      0.0000000    
  304.62500      302.03500      16.959000      124.14900      0.0000000      0.0000000    
  304.75000      302.03900      17.183001      119.69400      0.0000000      0.0000000    
  304.87500      302.04199      19.872000      129.75600      0.0000000      0.0000000    
  305.00000      302.04199      20.070999      134.94400      0.0000000      0.0000000    
  305.12500      302.05701      16.441000      130.61700      0.0000000      0.0000000    
  305.25000      302.23401      14.759000      126.54700      0.0000000      0.0000000    
  305.37500      302.23999      14.958000      130.81500      0.0000000      0.0000000    
  305.50000      302.05801      14.812000      129.83900      0.0000000      0.0000000    
  305.62500      302.00000      13.760000      128.03101      0.0000000      0.0000000    
  305.75000      301.99701      13.026000      120.54900      0.0000000      0.0000000    
  305.87500      301.99399      13.744000      120.72600      0.0000000      0.0000000    
  306.00000      301.98700      13.556000      116.97400      0.0000000      0.0000000    
  306.12500      302.01501      12.125000      109.96700      0.0000000      0.0000000    
  306.25000      302.24200      12.182000      115.56000      0.0000000      0.0000000    
  306.37500      302.22299      13.924000      121.79400      0.0000000      0.0000000    
  306.50000      302.00601      15.763000      121.09000      0.0000000      0.0000000    
  306.62500      301.58899      10.524000      95.750999      0.0000000      0.0000000    
  306.75000      301.57901      12.622000      94.140999      0.0000000      0.0000000    
  306.87500      301.57300      15.077000      96.026001      0.0000000      0.0000000    
  307.00000      301.57199      15.953000      98.948997      0.0000000      0.0000000    
  307.12500      301.62201      12.800000      101.01800      0.0000000      0.0000000    
  307.25000      301.94699      12.278000      100.96200      0.0000000      0.0000000    
  307.37500      302.05899      13.547000      105.76900      0.0000000      0.0000000    
  307.50000      301.72198      12.351000      101.91400      0.0000000      0.0000000    
  307.62500      301.78201      10.272000      95.184998      0.0000000      0.0000000    
  307.75000      301.78400      11.061000      94.888000      0.0000000      0.0000000    
  307.87500      301.78400      13.304000      98.630997      0.0000000      0.0000000    
  308.00000      301.77899      14.868000      101.96900      0.0000000      0.0000000    
  308.12500      301.85300      10.125000      86.542999      0.0000000      0.0000000    
  308.25000      302.41299      8.3120003      86.440002      0.0000000      0.0000000    
  308.37500      302.66501      9.3319998      94.214996      0.0000000      0.0000000    
  308.50000      302.06400      8.1890001      89.428001      0.0000000      0.0000000    
  308.62500      301.85501      5.2170000      81.105003      0.0000000      0.0000000    
  308.75000      301.85599      7.1630001      81.329002      0.0000000      0.0000000    
  308.87500      301.85699      12.362000      93.046997      0.0000000      0.0000000    
  309.00000      301.84900      14.954000      100.59000      0.0000000      0.0000000    
  309.12500      301.91501      11.538000      102.51800      0.0000000      0.0000000    
  309.25000      302.29501      10.237000      101.54700      0.0000000      0.0000000    
  309.37500      302.39999      10.375000      102.49300      0.0000000      0.0000000    
  309.50000      301.92599      8.0959997      97.191002      0.0000000      0.0000000    
  309.62500      302.06000      5.9480000      86.960999      0.0000000      0.0000000    
  309.75000      302.05499      6.2080002      81.049004      0.0000000      0.0000000    
  309.87500      302.04501      8.5819998      78.560997      0.0000000      0.0000000    
  310.00000      302.03900      10.029000      77.928001      0.0000000      0.0000000    
  310.12500      302.13599      9.1529999      77.929001      0.0000000      0.0000000    
  310.25000      302.79300      9.4549999      81.338997      0.0000000      0.0000000    
  310.37500      303.11099      11.060000      91.352997      0.0000000      0.0000000    
  310.50000      302.41299      9.4250002      88.036003      0.0000000      0.0000000    
  310.62500      302.07001      4.4590001      76.405998      0.0000000      0.0000000    
  310.75000      302.05399      5.3550000      73.658997      0.0000000      0.0000000    
  310.87500      302.04901      8.6230001      79.584000      0.0000000      0.0000000    
  311.00000      302.04300      12.330000      85.571999      0.0000000      0.0000000    
  311.12500      302.13101      8.8889999      78.202003      0.0000000      0.0000000    
  311.25000      302.67599      10.530000      87.004997      0.0000000      0.0000000    
  311.37500      302.78601      13.500000      104.06900      0.0000000      0.0000000    
  311.50000      302.23300      11.893000      100.86200      0.0000000      0.0000000    
  311.62500      302.10199      8.4949999      93.596001      0.0000000      0.0000000    
  311.75000      302.09799      9.6479998      90.599998      0.0000000      0.0000000    
  311.87500      302.09000      12.784000      94.731003      0.0000000      0.0000000    
  312.00000      302.10400      15.183000      105.13000      0.0000000      0.0000000    
  312.12500      302.15302      12.583000      102.19200      0.0000000      0.0000000    
  312.25000      302.51901      12.142000      106.74500      0.0000000      0.0000000    
  312.37500      302.53400      14.032000      121.33700      0.0000000      0.0000000    
  312.50000      302.16299      14.161000      122.82100      0.0000000      0.0000000    
  312.62500      302.09000      11.381000      117.87200      0.0000000      0.0000000    
  312.75000      302.07599      9.6359997      104.86200      0.0000000      0.0000000    
  312.87500      302.06601      10.162000      93.017998      0.0000000      0.0000000    
  313.00000      302.05600      12.579000      95.880997      0.0000000      0.0000000    
  313.12500      302.12701      11.208000      107.08200      0.0000000      0.0000000    
  313.25000      302.53400      12.896000      114.19600      0.0000000      0.0000000    
  313.37500      302.63800      15.308000      122.40600      0.0000000      0.0000000    
  313.50000      302.17700      14.224000      115.45100      0.0000000      0.0000000    
  313.62500      302.12000      12.322000      110.37200      0.0000000      0.0000000    
  313.75000      302.12000      13.307000      110.33300      0.0000000      0.0000000    
  313.87500      302.11499      14.826000      115.86300      0.0000000      0.0000000    
  314.00000      302.11301      14.970000      118.91100      0.0000000      0.0000000    
  314.12500      302.15201      14.741000      133.49100      0.0000000      0.0000000    
  314.25000      302.46600      12.765000      131.02600      0.0000000      0.0000000    
  314.37500      302.63901      12.173000      125.58100      0.0000000      0.0000000    
  314.50000      302.24799      10.923000      111.79000      0.0000000      0.0000000    
  314.62500      302.02899      10.149000      110.62300      0.0000000      0.0000000    
  314.75000      302.01401      9.7200003      105.73400      0.0000000      0.0000000    
  314.87500      302.00500      10.932000      101.58900      0.0000000      0.0000000    
  315.00000      302.00400      11.895000      100.21900      0.0000000      0.0000000    
  315.12500      302.06601      9.6379995      103.88300      0.0000000      0.0000000    
  315.25000      302.49799      10.671000      106.63000      0.0000000      0.0000000    
  315.37500      302.75500      12.264000      109.00100      0.0000000      0.0000000    
  315.50000      302.24799      10.798000      102.96000      0.0000000      0.0000000    
  315.62500      302.01401      8.0319996      93.667999      0.0000000      0.0000000    
  315.75000      301.98300      8.1300001      89.532997      0.0000000      0.0000000    
  315.87500      301.97800      10.289000      89.351997      0.0000000      0.0000000    
  316.00000      301.97400      12.539000      92.126999      0.0000000      0.0000000    
  316.12500      302.06601      13.020000      97.370003      0.0000000      0.0000000    
  316.25000      302.49100      13.620000      108.74700      0.0000000      0.0000000    
  316.37500      302.56799      15.395000      121.19700      0.0000000      0.0000000    
  316.50000      302.14001      14.153000      112.37200      0.0000000      0.0000000    
  316.62500      302.05301      8.9099998      88.351997      0.0000000      0.0000000    
  316.75000      302.03400      8.7709999      84.948997      0.0000000      0.0000000    
  316.87500      302.02499      10.291000      84.507004      0.0000000      0.0000000    
  317.00000      302.02802      10.819000      82.219002      0.0000000      0.0000000    
  317.12500      302.13199      9.4370003      84.613998      0.0000000      0.0000000    
  317.25000      302.80499      9.4490004      85.591003      0.0000000      0.0000000    
  317.37500      303.21100      11.599000      95.295998      0.0000000      0.0000000    
  317.50000      302.48599      11.160000      92.189003      0.0000000      0.0000000    
  317.62500      302.20001      4.5170002      74.953003      0.0000000      0.0000000    
  317.75000      302.16101      4.7589998      71.488998      0.0000000      0.0000000    
  317.87500      302.15701      6.8109999      75.227997      0.0000000      0.0000000    
  318.00000      302.14700      8.8299999      82.084000      0.0000000      0.0000000    
  318.12500      302.24100      8.5080004      92.519997      0.0000000      0.0000000    
  318.25000      302.74301      9.6160002      104.80800      0.0000000      0.0000000    
  318.37500      302.95401      10.703000      113.12900      0.0000000      0.0000000    
  318.50000      302.46399      9.1009998      106.93400      0.0000000      0.0000000    
  318.62500      302.30801      9.3669996      114.14200      0.0000000      0.0000000    
  318.75000      302.30801      9.7200003      115.15800      0.0000000      0.0000000    
  318.87500      302.30301      12.317000      114.72400      0.0000000      0.0000000    
  319.00000      302.29800      14.762000      113.91900      0.0000000      0.0000000    
  319.12500      302.36801      10.115000      127.17300      0.0000000      0.0000000    
  319.25000      302.68701      10.132000      131.34000      0.0000000      0.0000000    
  319.37500      302.75800      10.248000      131.23801      0.0000000      0.0000000    
  319.50000      302.37299      8.9020004      119.12100      0.0000000      0.0000000    
  319.62500      302.29999      9.1280003      120.58200      0.0000000      0.0000000    
  319.75000      302.29999      10.437000      117.55600      0.0000000      0.0000000    
  319.87500      302.29001      12.789000      113.32700      0.0000000      0.0000000    
  320.00000      302.28699      14.617000      108.98900      0.0000000      0.0000000    
  320.12500      302.34201      12.213000      118.17700      0.0000000      0.0000000    
  320.25000      302.69501      11.346000      118.27400      0.0000000      0.0000000    
  320.37500      302.86499      11.674000      119.29500      0.0000000      0.0000000    
  320.50000      302.44501      10.411000      108.35300      0.0000000      0.0000000    
  320.62500      302.28601      8.3879995      105.32100      0.0000000      0.0000000    
  320.75000      302.26599      10.014000      101.16400      0.0000000      0.0000000    
  320.87500      302.25699      10.966000      91.481003      0.0000000      0.0000000    
  321.00000      302.24899      11.427000      87.456001      0.0000000      0.0000000    
  321.12500      302.31799      11.620000      101.09400      0.0000000      0.0000000    
  321.25000      302.67099      13.033000      110.73900      0.0000000      0.0000000    
  321.37500      302.70200      15.139000      115.31600      0.0000000      0.0000000    
  321.50000      302.32300      13.965000      102.40400      0.0000000      0.0000000    
  321.62500      302.23801      9.4940004      88.200996      0.0000000      0.0000000    
  321.75000      302.22601      11.328000      86.524002      0.0000000      0.0000000    
  321.87500      302.22101      14.262000      90.934998      0.0000000      0.0000000    
  322.00000      302.22699      17.507000      100.45300      0.0000000      0.0000000    
  322.12500      302.26901      20.242001      125.02300      0.0000000      0.0000000    
  322.25000      302.50000      20.046000      129.50700      0.0000000      0.0000000    
  322.37500      302.58301      17.722000      117.90200      0.0000000      0.0000000    
  322.50000      302.26300      14.163000      107.48600      0.0000000      0.0000000    
  322.62500      302.19699      9.1639996      94.037003      0.0000000      0.0000000    
  322.75000      302.20001      11.712000      97.162003      0.0000000      0.0000000    
  322.87500      302.19901      15.036000      102.45900      0.0000000      0.0000000    
  323.00000      302.20401      16.906000      108.85300      0.0000000      0.0000000    
  323.12500      302.24799      16.264999      115.94200      0.0000000      0.0000000    
  323.25000      302.55899      14.258000      119.78800      0.0000000      0.0000000    
  323.37500      302.68799      14.661000      121.66000      0.0000000      0.0000000    
  323.50000      302.31299      14.022000      118.46500      0.0000000      0.0000000    
  323.62500      302.15701      10.024000      100.49700      0.0000000      0.0000000    
  323.75000      302.15201      13.123000      100.43200      0.0000000      0.0000000    
  323.87500      302.14600      17.073000      105.86300      0.0000000      0.0000000    
  324.00000      302.14401      19.416000      113.17300      0.0000000      0.0000000    
  324.12500      302.19000      16.009001      109.73200      0.0000000      0.0000000    
  324.25000      302.52200      15.807000      112.74900      0.0000000      0.0000000    
  324.37500      302.58301      18.129999      113.39300      0.0000000      0.0000000    
  324.50000      302.20099      19.454000      110.58100      0.0000000      0.0000000    
  324.62500      302.30499      18.271999      116.43700      0.0000000      0.0000000    
  324.75000      302.29700      18.957001      115.80900      0.0000000      0.0000000    
  324.87500      302.27600      19.517000      108.84000      0.0000000      0.0000000    
  325.00000      302.26801      19.448000      103.47700      0.0000000      0.0000000    
  325.12500      302.31000      19.796000      120.73600      0.0000000      0.0000000    
  325.25000      302.65201      17.919001      111.86600      0.0000000      0.0000000    
  325.37500      302.89499      18.577000      110.45400      0.0000000      0.0000000    
  325.50000      302.48300      17.714001      109.29300      0.0000000      0.0000000    
  325.62500      302.24301      15.891000      117.31400      0.0000000      0.0000000    
  325.75000      302.24799      16.749001      123.17400      0.0000000      0.0000000    
  325.87500      302.25400      19.608999      133.32500      0.0000000      0.0000000    
  326.00000      302.25500      20.837000      142.10100      0.0000000      0.0000000    
  326.12500      302.29199      15.491000      144.10800      0.0000000      0.0000000    
  326.25000      302.51001      14.363000      139.99200      0.0000000      0.0000000    
  326.37500      302.61700      14.813000      135.34000      0.0000000      0.0000000    
  326.50000      302.35501      15.062000      131.69099      0.0000000      0.0000000    
  326.62500      302.18600      16.056000      125.03200      0.0000000      0.0000000    
  326.75000      302.19000      17.579000      128.82401      0.0000000      0.0000000    
  326.87500      302.18600      20.782000      132.79601      0.0000000      0.0000000    
  327.00000      302.18399      22.615999      135.54100      0.0000000      0.0000000    
  327.12500      302.21201      18.531000      152.40900      0.0000000      0.0000000    
  327.25000      302.37701      19.025999      151.60400      0.0000000      0.0000000    
  327.37500      302.40201      21.600000      146.69200      0.0000000      0.0000000    
  327.50000      302.22400      24.330999      142.19600      0.0000000      0.0000000    
  327.62500      302.18900      23.639999      148.28500      0.0000000      0.0000000    
  327.75000      302.18301      25.195000      144.61099      0.0000000      0.0000000    
  327.87500      302.19101      29.836000      156.44400      0.0000000      0.0000000    
  328.00000      302.19901      33.786999      181.23500      0.0000000      0.0000000    
  328.12500      302.21399      32.402000      181.37801      0.0000000      0.0000000    
  328.25000      302.23700      33.098999      197.62300      0.0000000      0.0000000    
  328.37500      302.23700      34.341999      212.75999      0.0000000      0.0000000    
  328.50000      302.23099      34.390999      216.16499      0.0000000      0.0000000    
  328.62500      302.16599      29.423000      196.92500      0.0000000      0.0000000    
  328.75000      302.16000      30.171000      183.55099      0.0000000      0.0000000    
  328.87500      302.15900      32.512001      186.58000      0.0000000      0.0000000    
  329.00000      302.15900      36.070999      197.99800      0.0000000      0.0000000    
  329.12500      302.16101      39.622002      228.01199      0.0000000      0.0000000    
  329.25000      302.17001      37.594002      218.11400      0.0000000      0.0000000    
  329.37500      302.16501      39.508999      220.93100      0.0000000      0.0000000    
  329.50000      302.15500      38.942001      222.87900      0.0000000      0.0000000    
  329.62500      302.04501      33.561001      228.56700      0.0000000      0.0000000    
  329.75000      302.05499      27.989000      214.64600      0.0000000      0.0000000    
  329.87500      302.05899      27.792999      219.85400      0.0000000      0.0000000    
  330.00000      302.06100      31.167000      223.50200      0.0000000      0.0000000    
  330.12500      302.06601      27.753000      210.94000      0.0000000      0.0000000    
  330.25000      302.09201      24.738001      199.48900      0.0000000      0.0000000    
  330.37500      302.08801      24.919001      191.40401      0.0000000      0.0000000    
  330.50000      302.07599      26.448999      186.11099      0.0000000      0.0000000    
  330.62500      301.65601      18.209000      164.18900      0.0000000      0.0000000    
  330.75000      301.65799      21.948000      160.15800      0.0000000      0.0000000    
  330.87500      301.65601      26.528000      163.84599      0.0000000      0.0000000    
  331.00000      301.65500      27.923000      172.63901      0.0000000      0.0000000    
  331.12500      301.65100      24.344999      169.50800      0.0000000      0.0000000    
  331.25000      301.68399      24.171000      167.36000      0.0000000      0.0000000    
  331.37500      301.67001      26.481001      171.22000      0.0000000      0.0000000    
  331.50000      301.64899      26.843000      178.55000      0.0000000      0.0000000    
  331.62500      301.66199      24.039000      195.93700      0.0000000      0.0000000    
  331.75000      301.66199      26.142000      180.77800      0.0000000      0.0000000    
  331.87500      301.65799      29.534000      178.58600      0.0000000      0.0000000    
  332.00000      301.65601      27.320000      177.95500      0.0000000      0.0000000    
  332.12500      301.66101      21.815001      182.65500      0.0000000      0.0000000    
  332.25000      301.68900      16.711000      172.25000      0.0000000      0.0000000    
  332.37500      301.68399      16.542999      166.17999      0.0000000      0.0000000    
  332.50000      301.64700      17.635000      160.14799      0.0000000      0.0000000    
  332.62500      301.54800      15.707000      146.57100      0.0000000      0.0000000    
  332.75000      301.54501      16.353001      144.71400      0.0000000      0.0000000    
  332.87500      301.54001      17.530001      149.16901      0.0000000      0.0000000    
  333.00000      301.54099      17.624001      152.07100      0.0000000      0.0000000    
  333.12500      301.56500      13.762000      144.44501      0.0000000      0.0000000    
  333.25000      301.77600      9.6610003      134.93600      0.0000000      0.0000000    
  333.37500      301.83499      7.7270002      131.42200      0.0000000      0.0000000    
  333.50000      301.58701      5.5359998      121.74400      0.0000000      0.0000000    
  333.62500      301.42200      2.8970001      101.25000      0.0000000      0.0000000    
  333.75000      301.41000      3.7660000      93.223000      0.0000000      0.0000000    
  333.87500      301.40601      6.5869999      91.834000      0.0000000      0.0000000    
  334.00000      301.39999      9.0620003      92.106003      0.0000000      0.0000000    
  334.12500      301.42300      8.4670000      91.181000      0.0000000      0.0000000    
  334.25000      301.67899      7.6550002      87.153999      0.0000000      0.0000000    
  334.37500      301.66299      8.2340002      91.149002      0.0000000      0.0000000    
  334.50000      301.41101      6.8379998      84.751999      0.0000000      0.0000000    
  334.62500      301.65900      7.2059999      84.438004      0.0000000      0.0000000    
  334.75000      301.64301      7.7309999      83.898003      0.0000000      0.0000000    
  334.87500      301.62900      9.5900002      86.761002      0.0000000      0.0000000    
  335.00000      301.62000      11.403000      89.934998      0.0000000      0.0000000    
  335.12500      301.68701      7.8950000      68.794998      0.0000000      0.0000000    
  335.25000      302.16000      8.2790003      77.122002      0.0000000      0.0000000    
  335.37500      302.35199      9.4919996      85.737000      0.0000000      0.0000000    
  335.50000      301.84100      8.0979996      81.287003      0.0000000      0.0000000    
  335.62500      301.61499      6.2449999      74.872002      0.0000000      0.0000000    
  335.75000      301.60999      6.1770000      71.424004      0.0000000      0.0000000    
  335.87500      301.59399      7.3449998      66.938004      0.0000000      0.0000000    
  336.00000      301.59201      8.6650000      68.349998      0.0000000      0.0000000    
  336.12500      301.66199      9.3179998      72.241997      0.0000000      0.0000000    
  336.25000      302.15900      9.8730001      79.921997      0.0000000      0.0000000    
  336.37500      302.34601      11.041000      91.238998      0.0000000      0.0000000    
  336.50000      301.73401      8.8680000      85.750000      0.0000000      0.0000000    
  336.62500      301.65201      6.5300002      71.633003      0.0000000      0.0000000    
  336.75000      301.61801      5.8319998      66.876999      0.0000000      0.0000000    
  336.87500      301.61099      7.3639998      67.896004      0.0000000      0.0000000    
  337.00000      301.60901      9.2779999      70.949997      0.0000000      0.0000000    
  337.12500      301.69400      7.8350000      74.700996      0.0000000      0.0000000    
  337.25000      302.22299      8.1450005      81.407997      0.0000000      0.0000000    
  337.37500      302.42200      9.8850002      92.117996      0.0000000      0.0000000    
  337.50000      301.87201      8.4280005      88.116997      0.0000000      0.0000000    
  337.62500      301.74701      6.3439999      75.960999      0.0000000      0.0000000    
  337.75000      301.68701      6.1529999      72.990997      0.0000000      0.0000000    
  337.87500      301.68799      7.9800000      76.683998      0.0000000      0.0000000    
  338.00000      301.68701      8.9060001      78.724998      0.0000000      0.0000000    
  338.12500      301.75601      8.5089998      86.282997      0.0000000      0.0000000    
  338.25000      302.21301      8.0279999      88.176003      0.0000000      0.0000000    
  338.37500      302.38599      9.3350000      97.040001      0.0000000      0.0000000    
  338.50000      301.91501      8.2609997      94.510002      0.0000000      0.0000000    
  338.62500      301.86801      6.5110002      85.862999      0.0000000      0.0000000    
  338.75000      301.81500      5.7890000      75.431999      0.0000000      0.0000000    
  338.87500      301.80801      7.4640002      76.920998      0.0000000      0.0000000    
  339.00000      301.80899      9.2139997      81.697998      0.0000000      0.0000000    
  339.12500      301.87201      9.9930000      83.180000      0.0000000      0.0000000    
  339.25000      302.33401      10.036000      91.705002      0.0000000      0.0000000    
  339.37500      302.51801      10.971000      104.83000      0.0000000      0.0000000    
  339.50000      302.01999      8.8760004      103.12900      0.0000000      0.0000000    
  339.62500      301.84299      6.2680001      93.884003      0.0000000      0.0000000    
  339.75000      301.83499      6.4260001      93.525002      0.0000000      0.0000000    
  339.87500      301.83200      8.1110001      96.478996      0.0000000      0.0000000    
  340.00000      301.83200      10.101000      102.28200      0.0000000      0.0000000    
  340.12500      301.87601      10.798000      108.68800      0.0000000      0.0000000    
  340.25000      302.13000      9.7440004      116.94100      0.0000000      0.0000000    
  340.37500      302.15701      9.8529997      122.12500      0.0000000      0.0000000    
  340.50000      301.88101      8.3149996      113.12200      0.0000000      0.0000000    
  340.62500      301.85999      5.6459999      103.47800      0.0000000      0.0000000    
  340.75000      301.85901      6.3829999      100.25600      0.0000000      0.0000000    
  340.87500      301.84900      8.5469999      103.91300      0.0000000      0.0000000    
  341.00000      301.84799      10.968000      109.48300      0.0000000      0.0000000    
  341.12500      301.88800      12.956000      131.88699      0.0000000      0.0000000    
  341.25000      302.09399      13.105000      140.86000      0.0000000      0.0000000    
  341.37500      302.07800      13.950000      146.69901      0.0000000      0.0000000    
  341.50000      301.86499      12.155000      136.61700      0.0000000      0.0000000    
  341.62500      301.80301      8.9770002      113.63700      0.0000000      0.0000000    
  341.75000      301.79300      10.953000      113.79900      0.0000000      0.0000000    
  341.87500      301.78000      14.338000      119.98100      0.0000000      0.0000000    
  342.00000      301.78000      17.417999      127.78600      0.0000000      0.0000000    
  342.12500      301.80200      16.516001      143.85600      0.0000000      0.0000000    
  342.25000      302.01001      14.330000      143.11301      0.0000000      0.0000000    
  342.37500      302.02701      14.254000      143.95200      0.0000000      0.0000000    
  342.50000      301.80701      12.664000      136.46100      0.0000000      0.0000000    
  342.62500      301.75201      13.632000      135.55200      0.0000000      0.0000000    
  342.75000      301.75699      15.133000      142.13100      0.0000000      0.0000000    
  342.87500      301.75000      16.732000      141.55600      0.0000000      0.0000000    
  343.00000      301.74899      18.500999      135.27100      0.0000000      0.0000000    
  343.12500      301.78400      16.003000      138.38600      0.0000000      0.0000000    
  343.25000      302.02200      12.995000      126.73800      0.0000000      0.0000000    
  343.37500      302.08600      13.806000      122.71100      0.0000000      0.0000000    
  343.50000      301.80200      13.913000      116.06800      0.0000000      0.0000000    
  343.62500      301.60901      10.940000      110.01000      0.0000000      0.0000000    
  343.75000      301.60699      11.843000      105.55000      0.0000000      0.0000000    
  343.87500      301.59900      14.070000      103.18400      0.0000000      0.0000000    
  344.00000      301.59000      15.147000      99.860001      0.0000000      0.0000000    
  344.12500      301.64801      11.331000      98.352997      0.0000000      0.0000000    
  344.25000      302.01599      9.9340000      99.837997      0.0000000      0.0000000    
  344.37500      302.13699      9.9449997      106.78900      0.0000000      0.0000000    
  344.50000      301.71600      8.3789997      102.87700      0.0000000      0.0000000    
  344.62500      301.64200      8.9300003      101.63800      0.0000000      0.0000000    
  344.75000      301.63300      8.3360004      96.612000      0.0000000      0.0000000    
  344.87500      301.61600      9.6339998      92.371002      0.0000000      0.0000000    
  345.00000      301.60999      10.189000      86.345001      0.0000000      0.0000000    
  345.12500      301.67099      11.106000      98.262001      0.0000000      0.0000000    
  345.25000      302.03000      10.775000      101.07500      0.0000000      0.0000000    
  345.37500      302.16699      11.172000      102.52600      0.0000000      0.0000000    
  345.50000      301.77899      10.716000      92.955002      0.0000000      0.0000000    
  345.62500      301.81201      9.7609997      90.321999      0.0000000      0.0000000    
  345.75000      301.77802      10.845000      85.447998      0.0000000      0.0000000    
  345.87500      301.76999      12.318000      85.519997      0.0000000      0.0000000    
  346.00000      301.76700      13.383000      88.142998      0.0000000      0.0000000    
  346.12500      301.80899      13.793000      92.275002      0.0000000      0.0000000    
  346.25000      302.11099      13.489000      100.30300      0.0000000      0.0000000    
  346.37500      302.13199      14.831000      111.99900      0.0000000      0.0000000    
  346.50000      301.83200      13.769000      110.61600      0.0000000      0.0000000    
  346.62500      301.92300      11.648000      107.89900      0.0000000      0.0000000    
  346.75000      301.91101      10.782000      105.95400      0.0000000      0.0000000    
  346.87500      301.89700      12.153000      104.09600      0.0000000      0.0000000    
  347.00000      301.89099      14.382000      105.21800      0.0000000      0.0000000    
  347.12500      301.93399      15.086000      119.31000      0.0000000      0.0000000    
  347.25000      302.16000      15.615000      126.22900      0.0000000      0.0000000    
  347.37500      302.13400      16.356001      130.09399      0.0000000      0.0000000    
  347.50000      301.95200      16.149000      125.27900      0.0000000      0.0000000    
  347.62500      301.80200      11.721000      100.22800      0.0000000      0.0000000    
  347.75000      301.80600      13.972000      102.89900      0.0000000      0.0000000    
  347.87500      301.80701      16.850000      111.88700      0.0000000      0.0000000    
  348.00000      301.80200      17.219999      115.63900      0.0000000      0.0000000    
  348.12500      301.82199      16.570000      120.89300      0.0000000      0.0000000    
  348.25000      301.98499      16.330999      120.09600      0.0000000      0.0000000    
  348.37500      302.00699      17.650999      124.26900      0.0000000      0.0000000    
  348.50000      301.81799      17.862000      120.49100      0.0000000      0.0000000    
  348.62500      301.78601      15.887000      128.95200      0.0000000      0.0000000    
  348.75000      301.78500      17.350000      122.29800      0.0000000      0.0000000    
  348.87500      301.77399      20.483000      125.52200      0.0000000      0.0000000    
  349.00000      301.76901      23.347000      141.37199      0.0000000      0.0000000    
  349.12500      301.77499      22.528999      142.49600      0.0000000      0.0000000    
  349.25000      301.88599      20.115000      149.83200      0.0000000      0.0000000    
  349.37500      301.86700      18.296000      154.91200      0.0000000      0.0000000    
  349.50000      301.78500      17.538000      157.71201      0.0000000      0.0000000    
  349.62500      301.57901      13.946000      135.65900      0.0000000      0.0000000    
  349.75000      301.57300      14.955000      131.04100      0.0000000      0.0000000    
  349.87500      301.57001      16.839001      125.42000      0.0000000      0.0000000    
  350.00000      301.57001      19.070999      124.24400      0.0000000      0.0000000    
  350.12500      301.59000      16.540001      133.67500      0.0000000      0.0000000    
  350.25000      301.76099      15.925000      128.74300      0.0000000      0.0000000    
  350.37500      301.78400      17.580000      128.91600      0.0000000      0.0000000    
  350.50000      301.60300      18.087000      124.06400      0.0000000      0.0000000    
  350.62500      301.66501      16.813000      123.84900      0.0000000      0.0000000    
  350.75000      301.66501      16.829000      121.38400      0.0000000      0.0000000    
  350.87500      301.66199      19.407000      122.07400      0.0000000      0.0000000    
  351.00000      301.66501      20.879000      130.58299      0.0000000      0.0000000    
  351.12500      301.67899      17.490999      145.68600      0.0000000      0.0000000    
  351.25000      301.79001      15.322000      149.58701      0.0000000      0.0000000    
  351.37500      301.77701      16.427999      156.75000      0.0000000      0.0000000    
  351.50000      301.68600      16.841000      151.09000      0.0000000      0.0000000    
  351.62500      301.64899      18.597000      165.91901      0.0000000      0.0000000    
  351.75000      301.64899      15.058000      158.72301      0.0000000      0.0000000    
  351.87500      301.64499      15.712000      153.20799      0.0000000      0.0000000    
  352.00000      301.65100      17.740000      160.73700      0.0000000      0.0000000    
  352.12500      301.65900      14.127000      138.39200      0.0000000      0.0000000    
  352.25000      301.83899      12.930000      138.26700      0.0000000      0.0000000    
  352.37500      301.87299      12.080000      139.14101      0.0000000      0.0000000    
  352.50000      301.68399      10.446000      129.42400      0.0000000      0.0000000    
  352.62500      301.62201      11.898000      112.17400      0.0000000      0.0000000    
  352.75000      301.62799      13.495000      112.51000      0.0000000      0.0000000    
  352.87500      301.62601      16.268999      113.41700      0.0000000      0.0000000    
  353.00000      301.62701      17.613001      115.94200      0.0000000      0.0000000    
  353.12500      301.64999      15.734000      119.64700      0.0000000      0.0000000    
  353.25000      301.80099      15.669000      123.28700      0.0000000      0.0000000    
  353.37500      301.75299      17.872999      128.63901      0.0000000      0.0000000    
  353.50000      301.65799      20.087999      129.46899      0.0000000      0.0000000    
  353.62500      301.61401      19.372000      137.60600      0.0000000      0.0000000    
  353.75000      301.61401      19.240000      142.71500      0.0000000      0.0000000    
  353.87500      301.61801      23.341000      150.57201      0.0000000      0.0000000    
  354.00000      301.61801      27.368999      163.41299      0.0000000      0.0000000    
  354.12500      301.62701      26.563000      172.14101      0.0000000      0.0000000    
  354.25000      301.65601      27.891001      185.13600      0.0000000      0.0000000    
  354.37500      301.65900      29.877001      190.02400      0.0000000      0.0000000    
  354.50000      301.62601      29.871000      190.17000      0.0000000      0.0000000    
  354.62500      301.41101      27.416000      186.79401      0.0000000      0.0000000    
  354.75000      301.40900      24.120001      181.63400      0.0000000      0.0000000    
  354.87500      301.40100      24.295000      172.35899      0.0000000      0.0000000    
  355.00000      301.40100      25.871000      164.29500      0.0000000      0.0000000    
  355.12500      301.41299      25.433001      157.62700      0.0000000      0.0000000    
  355.25000      301.47601      24.263000      155.25500      0.0000000      0.0000000    
  355.37500      301.45499      25.098000      155.29800      0.0000000      0.0000000    
  355.50000      301.41299      25.966999      156.97400      0.0000000      0.0000000    
  355.62500      301.48901      27.466999      179.93800      0.0000000      0.0000000    
  355.75000      301.48801      25.679001      191.95300      0.0000000      0.0000000    
  355.87500      301.48199      28.039000      207.29300      0.0000000      0.0000000    
  356.00000      301.46701      34.596001      219.58099      0.0000000      0.0000000    
  356.12500      301.44800      36.967999      208.19901      0.0000000      0.0000000    
  356.25000      301.46701      35.872002      207.01199      0.0000000      0.0000000    
  356.37500      301.45700      33.952999      206.35201      0.0000000      0.0000000    
  356.50000      301.42801      27.094000      191.86600      0.0000000      0.0000000    
  356.62500      301.40500      19.059000      167.68800      0.0000000      0.0000000    
  356.75000      301.40201      16.457001      153.21700      0.0000000      0.0000000    
  356.87500      301.40302      17.156000      145.73399      0.0000000      0.0000000    
  357.00000      301.40601      17.716999      147.09599      0.0000000      0.0000000    
  357.12500      301.41199      16.414000      147.71800      0.0000000      0.0000000    
  357.25000      301.56900      16.514999      157.37100      0.0000000      0.0000000    
  357.37500      301.66101      17.927999      159.63499      0.0000000      0.0000000    
  357.50000      301.52100      17.596001      158.97600      0.0000000      0.0000000    
  357.62500      301.13101      14.768000      139.95599      0.0000000      0.0000000    
  357.75000      301.13400      15.211000      140.12199      0.0000000      0.0000000    
  357.87500      301.12201      16.813000      140.14600      0.0000000      0.0000000    
  358.00000      301.12000      16.943001      138.36600      0.0000000      0.0000000    
  358.12500      301.13599      14.061000      139.07800      0.0000000      0.0000000    
  358.25000      301.33301      12.880000      137.03700      0.0000000      0.0000000    
  358.37500      301.44501      13.234000      136.90199      0.0000000      0.0000000    
  358.50000      301.17499      12.081000      132.59300      0.0000000      0.0000000    
  358.62500      301.09698      7.6469998      124.20100      0.0000000      0.0000000    
  358.75000      301.10101      7.7950001      121.25800      0.0000000      0.0000000    
  358.87500      301.09799      9.9329996      124.59500      0.0000000      0.0000000    
  359.00000      301.09799      12.562000      135.55000      0.0000000      0.0000000    
  359.12500      301.09900      9.0059996      118.04600      0.0000000      0.0000000    
  359.25000      301.29401      8.5679998      125.56500      0.0000000      0.0000000    
  359.37500      301.33401      8.8889999      133.35100      0.0000000      0.0000000    
  359.50000      301.12201      7.6339998      132.48700      0.0000000      0.0000000    
  359.62500      301.14999      7.6040001      135.32800      0.0000000      0.0000000    
  359.75000      301.14301      7.4809999      125.92900      0.0000000      0.0000000    
  359.87500      301.13800      9.0249996      126.20000      0.0000000      0.0000000    
  360.00000      301.13800      10.608000      131.27299      0.0000000      0.0000000    
  360.12500      301.16400      12.087000      134.86200      0.0000000      0.0000000    
  360.25000      301.41199      10.654000      137.51500      0.0000000      0.0000000    
  360.37500      301.50299      10.538000      147.53500      0.0000000      0.0000000    
  360.50000      301.22400      8.1499996      141.14000      0.0000000      0.0000000    
  360.62500      301.21899      6.5530000      117.13600      0.0000000      0.0000000    
  360.75000      301.21201      6.0260000      105.70100      0.0000000      0.0000000    
  360.87500      301.21100      8.2069998      110.68200      0.0000000      0.0000000    
  361.00000      301.20901      10.072000      114.66700      0.0000000      0.0000000    
  361.12500      301.24899      11.313000      121.07600      0.0000000      0.0000000    
  361.25000      301.46899      10.483000      130.82700      0.0000000      0.0000000    
  361.37500      301.45901      10.586000      144.81300      0.0000000      0.0000000    
  361.50000      301.26099      8.1750002      139.94501      0.0000000      0.0000000    
  361.62500      301.22699      8.0459995      129.00800      0.0000000      0.0000000    
  361.75000      301.20599      6.8850002      113.17200      0.0000000      0.0000000    
  361.87500      301.19299      7.6290002      103.06600      0.0000000      0.0000000    
  362.00000      301.20401      9.2749996      106.62500      0.0000000      0.0000000    
  362.12500      301.23901      9.5089998      123.13000      0.0000000      0.0000000    
  362.25000      301.38000      9.4910002      143.34500      0.0000000      0.0000000    
  362.37500      301.35001      8.9919996      159.92900      0.0000000      0.0000000    
  362.50000      301.25699      7.0000000      158.61400      0.0000000      0.0000000    
  362.62500      301.09000      8.0030003      162.02699      0.0000000      0.0000000    
  362.75000      301.08401      7.9670000      155.80701      0.0000000      0.0000000    
  362.87500      301.08099      10.236000      155.44099      0.0000000      0.0000000    
  363.00000      301.07999      12.059000      157.04401      0.0000000      0.0000000    
  363.12500      301.09201      9.7889996      168.58900      0.0000000      0.0000000    
  363.25000      301.15601      8.7390003      182.06300      0.0000000      0.0000000    
  363.37500      301.14401      8.5190001      196.13499      0.0000000      0.0000000    
  363.50000      301.10001      6.9930000      193.86800      0.0000000      0.0000000    
  363.62500      301.06400      6.3950000      177.24500      0.0000000      0.0000000    
  363.75000      301.05499      7.1170001      171.89400      0.0000000      0.0000000    
  363.87500      301.04999      9.5909996      166.93700      0.0000000      0.0000000    
  364.00000      301.04800      11.800000      167.32201      0.0000000      0.0000000    
  364.12500      301.06299      8.4569998      183.28600      0.0000000      0.0000000    
  364.25000      301.12000      9.0600004      191.56700      0.0000000      0.0000000    
  364.37500      301.09500      9.3820000      199.97000      0.0000000      0.0000000    
  364.50000      301.04001      8.4919996      187.48399      0.0000000      0.0000000    
  364.62500      301.06900      6.3130002      159.39200      0.0000000      0.0000000    
  364.75000      301.05801      6.3649998      147.05701      0.0000000      0.0000000    
  364.87500      301.04300      8.2489996      140.34399      0.0000000      0.0000000    
  365.00000      301.03101      10.012000      131.79800      0.0000000      0.0000000    
  365.12500      301.04700      9.3610001      132.44200      0.0000000      0.0000000    
  365.25000      301.30600      8.4049997      126.63900      0.0000000      0.0000000    
  365.37500      301.43399      8.8039999      125.03300      0.0000000      0.0000000    
  365.50000      301.13000      8.0679998      115.47400      0.0000000      0.0000000    
  365.62500      300.96500      4.6339998      104.45200      0.0000000      0.0000000    
  365.75000      300.95801      4.5539999      95.984001      0.0000000      0.0000000    
  365.87500      300.95300      6.6620002      97.355003      0.0000000      0.0000000    
