   z[m] p[mb] tp[K] q[g/kg] u[m/s] v[m/s]
  0.         100   1000.000    
 -999.       1000.000       288.0000        0.    0.    0.
 -999.       953.6987       291.9275        0.    0.    0.
 -999.       909.5413       295.9085        0.    0.    0.
 -999.       867.4283       299.9439        0.    0.    0.
 -999.       827.2653       304.0343        0.    0.    0.
 -999.       788.9620       308.1804        0.    0.    0.
 -999.       752.4320       312.3831        0.    0.    0.
 -999.       717.5935       316.6431        0.    0.    0.
 -999.       684.3680       320.9612        0.    0.    0.
 -999.       652.6808       325.3382        0.    0.    0.
 -999.       622.4609       329.7749        0.    0.    0.
 -999.       593.6402       334.2721        0.    0.    0.
 -999.       566.1539       338.8306        0.    0.    0.
 -999.       539.9402       343.4513        0.    0.    0.
 -999.       514.9404       348.1350        0.    0.    0.
 -999.       491.0980       352.8825        0.    0.    0.
 -999.       468.3595       357.6949        0.    0.    0.
 -999.       446.6739       362.5728        0.    0.    0.
 -999.       425.9923       367.5172        0.    0.    0.
 -999.       406.2683       372.5291        0.    0.    0.
 -999.       387.4576       377.6093        0.    0.    0.
 -999.       369.5178       382.7589        0.    0.    0.
 -999.       352.4087       387.9786        0.    0.    0.
 -999.       336.0917       393.2695        0.    0.    0.
 -999.       320.5302       398.6326        0.    0.    0.
 -999.       305.6893       404.0688        0.    0.    0.
 -999.       291.5355       409.5791        0.    0.    0.
 -999.       278.0370       415.1646        0.    0.    0.
 -999.       265.1636       420.8263        0.    0.    0.
 -999.       252.8861       426.5651        0.    0.    0.
 -999.       241.1772       432.3823        0.    0.    0.
 -999.       230.0104       438.2787        0.    0.    0.
 -999.       219.3606       444.2556        0.    0.    0.
 -999.       209.2040       450.3139        0.    0.    0.
 -999.       199.5175       456.4549        0.    0.    0.
 -999.       190.2796       462.6797        0.    0.    0.
 -999.       181.4694       468.9893        0.    0.    0.
 -999.       173.0672       475.3849        0.    0.    0.
 -999.       165.0540       481.8678        0.    0.    0.
 -999.       157.4118       488.4391        0.    0.    0.
 -999.       150.1234       495.1000        0.    0.    0.
 -999.       143.1725       501.8518        0.    0.    0.
 -999.       136.5434       508.6956        0.    0.    0.
 -999.       130.2213       515.6328        0.    0.    0.
 -999.       124.1919       522.6645        0.    0.    0.
 -999.       118.4417       529.7922        0.    0.    0.
 -999.       112.9576       537.0170        0.    0.    0.
 -999.       107.7275       544.3404        0.    0.    0.
 -999.       102.7396       551.7636        0.    0.    0.
 -999.       97.98267       559.2881        0.    0.    0.
 -999.       93.44595       566.9152        0.    0.    0.
 -999.       89.11929       574.6462        0.    0.    0.
 -999.       84.99294       582.4828        0.    0.    0.
 -999.       81.05767       590.4261        0.    0.    0.
 -999.       77.30460       598.4779        0.    0.    0.
 -999.       73.72528       606.6395        0.    0.    0.
 -999.       70.31173       614.9122        0.    0.    0.
 -999.       67.05619       623.2979        0.    0.    0.
 -999.       63.95140       631.7979        0.    0.    0.
 -999.       60.99039       640.4138        0.    0.    0.
 -999.       58.16644       649.1472        0.    0.    0.
 -999.       55.47327       657.9998        0.    0.    0.
 -999.       52.90479       666.9730        0.    0.    0.
 -999.       50.45523       676.0685        0.    0.    0.
 -999.       48.11908       685.2882        0.    0.    0.
 -999.       45.89111       694.6336        0.    0.    0.
 -999.       43.76630       704.1063        0.    0.    0.
 -999.       41.73986       713.7083        0.    0.    0.
 -999.       39.80725       723.4413        0.    0.    0.
 -999.       37.96413       733.3069        0.    0.    0.
 -999.       36.20634       743.3071        0.    0.    0.
 -999.       34.52994       753.4437        0.    0.    0.
 -999.       32.93116       763.7186        0.    0.    0.
 -999.       31.40641       774.1335        0.    0.    0.
 -999.       29.95226       784.6904        0.    0.    0.
 -999.       28.56543       795.3914        0.    0.    0.
 -999.       27.24281       806.2382        0.    0.    0.
 -999.       25.98143       817.2330        0.    0.    0.
 -999.       24.77846       828.3777        0.    0.    0.
 -999.       23.63119       839.6743        0.    0.    0.
 -999.       22.53703       851.1252        0.    0.    0.
 -999.       21.49354       862.7321        0.    0.    0.
 -999.       20.49836       874.4973        0.    0.    0.
 -999.       19.54926       886.4229        0.    0.    0.
 -999.       18.64411       898.5112        0.    0.    0.
 -999.       17.78086       910.7643        0.    0.    0.
 -999.       16.95758       923.1845        0.    0.    0.
 -999.       16.17242       935.7742        0.    0.    0.
 -999.       15.42362       948.5354        0.    0.    0.
 -999.       14.70949       961.4706        0.    0.    0.
 -999.       14.02842       974.5824        0.    0.    0.
 -999.       13.37889       987.8729        0.    0.    0.
 -999.       12.75943       1001.345        0.    0.    0.
 -999.       12.16865       1015.000        0.    0.    0.
 -999.       11.60523       1028.842        0.    0.    0.
 -999.       11.06789       1042.872        0.    0.    0.
 -999.       10.55543       1057.094        0.    0.    0.
 -999.       10.06670       1071.510        0.    0.    0.
 -999.       9.600603       1086.122        0.    0.    0.
 -999.       9.156082       1100.934        0.    0.    0.
  1000.         100   1000.000    
 -999.       1000.000       288.0000        0.    0.    0.
 -999.       953.6987       291.9275        0.    0.    0.
 -999.       909.5413       295.9085        0.    0.    0.
 -999.       867.4283       299.9439        0.    0.    0.
 -999.       827.2653       304.0343        0.    0.    0.
 -999.       788.9620       308.1804        0.    0.    0.
 -999.       752.4320       312.3831        0.    0.    0.
 -999.       717.5935       316.6431        0.    0.    0.
 -999.       684.3680       320.9612        0.    0.    0.
 -999.       652.6808       325.3382        0.    0.    0.
 -999.       622.4609       329.7749        0.    0.    0.
 -999.       593.6402       334.2721        0.    0.    0.
 -999.       566.1539       338.8306        0.    0.    0.
 -999.       539.9402       343.4513        0.    0.    0.
 -999.       514.9404       348.1350        0.    0.    0.
 -999.       491.0980       352.8825        0.    0.    0.
 -999.       468.3595       357.6949        0.    0.    0.
 -999.       446.6739       362.5728        0.    0.    0.
 -999.       425.9923       367.5172        0.    0.    0.
 -999.       406.2683       372.5291        0.    0.    0.
 -999.       387.4576       377.6093        0.    0.    0.
 -999.       369.5178       382.7589        0.    0.    0.
 -999.       352.4087       387.9786        0.    0.    0.
 -999.       336.0917       393.2695        0.    0.    0.
 -999.       320.5302       398.6326        0.    0.    0.
 -999.       305.6893       404.0688        0.    0.    0.
 -999.       291.5355       409.5791        0.    0.    0.
 -999.       278.0370       415.1646        0.    0.    0.
 -999.       265.1636       420.8263        0.    0.    0.
 -999.       252.8861       426.5651        0.    0.    0.
 -999.       241.1772       432.3823        0.    0.    0.
 -999.       230.0104       438.2787        0.    0.    0.
 -999.       219.3606       444.2556        0.    0.    0.
 -999.       209.2040       450.3139        0.    0.    0.
 -999.       199.5175       456.4549        0.    0.    0.
 -999.       190.2796       462.6797        0.    0.    0.
 -999.       181.4694       468.9893        0.    0.    0.
 -999.       173.0672       475.3849        0.    0.    0.
 -999.       165.0540       481.8678        0.    0.    0.
 -999.       157.4118       488.4391        0.    0.    0.
 -999.       150.1234       495.1000        0.    0.    0.
 -999.       143.1725       501.8518        0.    0.    0.
 -999.       136.5434       508.6956        0.    0.    0.
 -999.       130.2213       515.6328        0.    0.    0.
 -999.       124.1919       522.6645        0.    0.    0.
 -999.       118.4417       529.7922        0.    0.    0.
 -999.       112.9576       537.0170        0.    0.    0.
 -999.       107.7275       544.3404        0.    0.    0.
 -999.       102.7396       551.7636        0.    0.    0.
 -999.       97.98267       559.2881        0.    0.    0.
 -999.       93.44595       566.9152        0.    0.    0.
 -999.       89.11929       574.6462        0.    0.    0.
 -999.       84.99294       582.4828        0.    0.    0.
 -999.       81.05767       590.4261        0.    0.    0.
 -999.       77.30460       598.4779        0.    0.    0.
 -999.       73.72528       606.6395        0.    0.    0.
 -999.       70.31173       614.9122        0.    0.    0.
 -999.       67.05619       623.2979        0.    0.    0.
 -999.       63.95140       631.7979        0.    0.    0.
 -999.       60.99039       640.4138        0.    0.    0.
 -999.       58.16644       649.1472        0.    0.    0.
 -999.       55.47327       657.9998        0.    0.    0.
 -999.       52.90479       666.9730        0.    0.    0.
 -999.       50.45523       676.0685        0.    0.    0.
 -999.       48.11908       685.2882        0.    0.    0.
 -999.       45.89111       694.6336        0.    0.    0.
 -999.       43.76630       704.1063        0.    0.    0.
 -999.       41.73986       713.7083        0.    0.    0.
 -999.       39.80725       723.4413        0.    0.    0.
 -999.       37.96413       733.3069        0.    0.    0.
 -999.       36.20634       743.3071        0.    0.    0.
 -999.       34.52994       753.4437        0.    0.    0.
 -999.       32.93116       763.7186        0.    0.    0.
 -999.       31.40641       774.1335        0.    0.    0.
 -999.       29.95226       784.6904        0.    0.    0.
 -999.       28.56543       795.3914        0.    0.    0.
 -999.       27.24281       806.2382        0.    0.    0.
 -999.       25.98143       817.2330        0.    0.    0.
 -999.       24.77846       828.3777        0.    0.    0.
 -999.       23.63119       839.6743        0.    0.    0.
 -999.       22.53703       851.1252        0.    0.    0.
 -999.       21.49354       862.7321        0.    0.    0.
 -999.       20.49836       874.4973        0.    0.    0.
 -999.       19.54926       886.4229        0.    0.    0.
 -999.       18.64411       898.5112        0.    0.    0.
 -999.       17.78086       910.7643        0.    0.    0.
 -999.       16.95758       923.1845        0.    0.    0.
 -999.       16.17242       935.7742        0.    0.    0.
 -999.       15.42362       948.5354        0.    0.    0.
 -999.       14.70949       961.4706        0.    0.    0.
 -999.       14.02842       974.5824        0.    0.    0.
 -999.       13.37889       987.8729        0.    0.    0.
 -999.       12.75943       1001.345        0.    0.    0.
 -999.       12.16865       1015.000        0.    0.    0.
 -999.       11.60523       1028.842        0.    0.    0.
 -999.       11.06789       1042.872        0.    0.    0.
 -999.       10.55543       1057.094        0.    0.    0.
 -999.       10.06670       1071.510        0.    0.    0.
 -999.       9.600603       1086.122        0.    0.    0.
 -999.       9.156082       1100.934        0.    0.    0.
