0.       1
40.      2  40
82.4     3  42.4
127.344  4  44.944
174.985  5  47.6406
226.057  6  51.0725
280.194  7  54.1369
337.579  8  57.3851
398.407  9  60.8282
462.885  10  64.4779
531.232  11  68.3466
603.679  12  72.4473
680.473  13  76.7942
761.995  14  81.5214
848.983  15  86.9886
942.269  16  93.2859
1042.78  17  100.513
1151.56  18  108.782
1269.78  19  118.215
1398.73  20  128.949
1539.87  21  141.141
1695.94  22  156.067
1870.01  23  174.071
2065.35  24  195.346
2285.79  25  220.44
2535.78  26  249.989
2820.51  27  284.729
3142.42  28  321.908
3499.67  29  357.25
3890.23  30  390.565
4310.78  31  420.543
4757.46  32  446.684
5225.88  33  468.414
5710.94  34  485.069
6206.83  35  495.89
6706.83  36  500
7206.83  37  500
7706.83  38  500
8206.83  39  500
8706.83  40  500
9206.83  41  500
9706.83  42  500
10206.8  43  500
10706.8  44  500
11206.8  45  500
11706.8  46  500
12206.8  47  500
12706.8  48  500
13206.8  49  500
13706.8  50  500
14206.8  51  500
14706.8  52  500
15206.8  53  500
15706.8  54  500
16206.8  55  500
16710.3  56  503.435
17225.6  57  515.297
17762.4  58  536.79
18331.6  59  569.29
18946.   60  614.369
19619.8  61  673.824
20369.5  62  749.711
21213.9  63  844.374
22169.4  64  955.485
23232.6  65  1063.16
24395.   66  1162.41
25647.   67  1252.03
26977.7  68  1330.64
28374.3  69  1396.67
29822.7  70  1448.33
31306.2  71  1483.55
32806.2  72  1500
34306.2  73  1500
35806.2  74  1500
37306.2  75  1500
