20.0
60.0
100.6
141.6
183.0
224.9
267.1
309.8
352.9
396.4
440.4
484.8
529.6
574.9
620.7
666.9
713.5
760.7
808.3
856.4
904.9
954.0
1003.5
1053.5
1104.1
1155.1
1206.7
1258.7
1311.3
1364.4
1418.1
1472.3
1527.0
1582.3
1638.1
1694.5
1751.4
1808.9
1867.0
1925.7
1984.9
2044.8
2105.2
2166.3
2227.9
2290.2
2353.1
2416.7
2480.8
2545.6
2611.1
2677.2
2744.0
2811.4
2879.5
2948.3
3017.8
3088.0
3158.9
3230.5
3302.8
3375.8
3449.5
3524.0
3599.3
3675.3
3752.0
3829.5
3907.8
3986.9
4066.8
4147.5
4228.9
4311.2
4394.3
4478.3
4563.1
4648.7
4735.2
4822.5
4910.8
4999.9
5089.9
5179.4
5269.0
5358.5
5448.1
5537.6
5627.2
5716.7
5806.3
5895.9
5985.4
6075.0
6164.5
6254.1
6343.6
6433.2
6522.7
6612.3
6701.9
6791.4
6881.0
6970.5
7060.1
7149.6
7239.2
7328.7
7418.3
7507.9
7597.4
7687.0
7776.5
7866.1
7955.6
8045.2
8134.7
8224.3
8313.9
8403.4
8493.0
8582.5
8672.1
8761.6
8851.2
8940.7
9030.3
9119.9
9209.4
9299.0
9388.5
9478.1
9567.6
9657.2
9746.7
9836.3
9925.8
10015.4
10105.0
10194.5
10284.1
10373.6
10463.2
10552.7
10642.3
10731.8
10821.4
10911.0
11000.5
11090.1
11179.6
11269.2
11358.7
11448.3
11537.8
11627.4
11717.0
11806.5
11896.1
11985.6
12075.2
12164.7
12254.3
12343.8
12433.4
12523.0
12612.5
12702.1
12791.6
12881.2
12970.7
13060.3
13149.8
13239.4
13328.9
13418.5
13508.1
13597.6
13687.2
13776.7
13866.3
13955.8
14045.4
14134.9
14224.5
14314.1
14403.6
14493.2
14582.7
14672.3
14761.8
14851.4
14940.9
15030.5
15120.1
15209.6
15299.2
15388.7
15478.3
15567.8
15657.4
15746.9
15836.5
15926.1
16015.6
16105.2
16194.7
16284.3
16373.8
16463.4
16552.9
16642.5
16732.1
16821.6
16911.2
17000.7
17090.3
17179.8
17269.4
17358.9
17448.5
17538.0
17627.6
17717.2
17806.7
17896.3
17985.8
18075.4
18164.9
18254.5
18344.0
18433.6
18523.2
18612.7
18702.3
18791.8
18881.4
18970.9
19060.5
19150.0
19239.6
19329.2
19418.7
19508.3
19597.8
19687.4
19776.9
19866.5
19956.0
20045.6
20135.2
20224.7
20314.3
20403.8
20493.4
20582.9