   day     skt(K)    H(W/m2)   LE(W/m2)
61.000 296.680420  -3.580957   5.977654
61.125 297.182037  -1.867280   1.688762
61.250 296.539612  -0.905426  -1.185014
61.375 296.797882  -0.854871  -2.087158
61.500 298.473114   9.245322  32.406681
61.625 301.523315  59.624508 276.536133
61.750 301.172699  90.371262 324.644104
61.875 298.919098  25.034075 158.053543
62.000 297.263000 -10.419444  14.887037
62.125 296.620789 -13.457384  10.590123
62.250 296.067108 -10.302313   3.594352
62.375 295.580780  -6.600679  -0.082716
62.500 298.281860   5.826022  31.848333
62.625 305.287598 136.398666 332.158722
62.750 304.322968 153.224075 415.700592
62.875 300.019073  14.589044 304.474274
63.000 297.593628 -17.430864  34.208611
63.125 297.107910 -10.671435  13.804220
63.250 296.558472  -9.294575   7.648310
63.375 296.054443  -6.934007   5.140185
63.500 297.996857   2.352473  37.416111
63.625 300.456818  40.191513 254.936981
63.750 300.508301  82.982224 342.773010
63.875 298.068939  27.815556 172.756943
64.000 296.582794  -4.780802  12.403364
64.125 296.045563  -1.823466   1.970914
64.250 295.601379  -2.056335   0.589138
64.375 294.831329  -1.017664  -0.945191
64.500 298.509949   8.982446  44.688656
64.625 302.324951  82.930649 349.385712
64.750 301.926758  98.812996 400.197754
64.875 299.868042  26.405741 214.056854
65.000 297.269867  -6.391358  13.224105
65.125 296.573822  -7.978375   3.248653
65.250 296.230286  -9.719017   3.778326
65.375 295.425934  -6.825495   0.993003
65.500 298.823944   5.315691  34.354771
65.625 301.603210  67.661636 321.634338
65.750 300.862305  82.095802 360.826965
65.875 298.295105  19.786388 171.731689
66.000 296.819305 -10.739568  14.838025
66.125 296.178497  -7.886159   9.083534
66.250 295.765045  -7.857500   4.136522
66.375 295.385803  -6.960025   0.724055
66.500 297.501404   4.485835  37.216076
66.625 302.464630  78.153824 300.879028
66.750 302.802429 124.131943 386.582855
66.875 299.174652  12.832561 234.589996
67.000 297.141144  -8.282438  17.239075
67.125 296.996124  -0.834410   0.665295
67.250 296.609406  -0.836593  -0.002654
67.375 296.777710  -0.620367   1.243430
67.500 297.900879   3.118638  18.079084
67.625 299.844452  28.212654 161.711975
67.750 303.135010  92.077065 275.194885
67.875 301.413605  33.913242 194.949234
68.000 298.666351 -12.521667  21.464413
68.125 296.043427 -12.111490   8.456481
68.250 295.517822  -8.630497   5.534599
68.375 295.037567  -4.940223   2.963951
68.500 298.545685   9.989094  35.738674
68.625 305.681976 143.306671 304.061340
68.750 306.739258 177.572647 410.440674
68.875 302.815857  16.430803 220.619202
69.000 299.359253 -12.136111  22.173334
69.125 298.543152 -13.173652   8.971234
69.250 298.297363 -15.234639   9.872993
69.375 297.057556 -17.423313   7.976790
69.500 300.864410   3.786370  51.737099
69.625 305.785034 116.968948 336.766815
69.750 305.542114 140.585831 435.012970
69.875 301.366302  17.290340 288.764557
70.000 298.257324 -12.897870  27.428797
70.125 297.796326  -2.825595   7.217130
70.250 297.038239  -3.149266   3.076667
70.375 296.570557  -1.916780   0.692531
70.500 298.755920   5.884572  26.637253
70.625 301.126038  32.320801 182.290985
70.750 301.015686  38.401791 233.231598
70.875 299.267151   3.412531  80.904472
71.000 298.173859  -9.425617  14.726543
71.125 297.681793  -7.236413   7.222745
71.250 297.364288  -6.072508   2.213852
71.375 297.299438  -4.638222   8.357785
71.500 298.095764  -0.436801  33.882870
71.625 302.586975  85.328522 266.772552
71.750 302.926331 118.977379 362.283630
71.875 299.681671  17.271637 205.551483
72.000 297.729004 -18.026173  24.553179
72.125 297.058319 -12.708366   8.704784
72.250 296.566162 -10.489267   5.797861
72.375 296.498566  -9.409582   5.662548
72.500 298.783081   7.885511  33.037678
72.625 304.468201 122.052933 279.448914
72.750 305.589661 152.650375 375.070099
72.875 302.246124  38.949692 245.733612
73.000 298.852142 -14.013673  24.220896
73.125 298.016846 -10.916965   6.720590
73.250 297.273285  -7.883446   2.788249
73.375 297.007446  -5.053981   1.196570
73.500 299.522308  11.393579  31.938141
73.625 303.030151  72.879814 315.419281
73.750 301.615387  81.591606 357.704224
73.875 299.063721  21.926882 172.055161
74.000 297.301514  -7.745308  12.770000
74.125 296.942383  -1.068100   1.416483
74.250 296.247070  -0.846385  -1.457118
74.375 296.574371   1.039823  -1.593171
74.500 298.535095  11.824047  36.977879
74.625 302.484070  84.212898 328.302460
74.750 302.302948  94.964386 389.407623
74.875 300.258240  34.014198 219.901138
75.000 297.865753 -16.692192  21.419106
75.125 297.609894 -18.154043  10.285232
75.250 296.871552 -16.900438   7.423789
75.375 295.802429 -13.659674   4.526979
75.500 299.782745   7.366962  51.642487
75.625 305.312317 125.535774 291.599487
75.750 306.010742 158.340439 382.731476
75.875 302.751709  21.086512 231.323639
76.000 299.501556 -15.979445  24.014229
76.125 298.424164 -21.141682  12.418299
76.250 297.516907 -21.651926   8.963985
76.375 296.979431 -18.391245   6.074197
76.500 299.941193   7.753736  42.963612
76.625 302.874939  87.934380 345.981415
76.750 303.535217 106.468025 426.799042
76.875 301.315369  38.681759 250.913803
77.000 298.469238 -18.399229  23.839073
77.125 297.646210  -7.207958   8.208333
77.250 296.663330  -6.494867   4.493734
77.375 296.124756  -6.554233   8.916111
77.500 297.316528  -4.584799  36.014721
77.625 301.657776  60.866882 310.365845
77.750 301.727264  84.112312 408.584045
77.875 299.302887  28.656759 198.549637
78.000 297.567230 -11.775463  16.559351
78.125 297.829651  -9.474404   6.228268
78.250 296.913666  -6.388129   1.965488
78.375 296.356506  -1.630552  -0.079280
78.500 298.289581   1.254497  26.632715
78.625 300.562622  37.395370 222.339630
78.750 301.094513  81.239906 345.891876
78.875 299.327484  32.209969 182.007721
79.000 297.408356  -7.927346  12.402253