 z[m] p[mb] tp[K] q[g/kg] u[m/s] v[m/s]
0.   151  1000.
        0.00000     -999.00000      300.00000        0.00000        0.00000        0.00000
        1.00000     -999.00000      300.00000        0.00000        2.28114        0.00000
        2.00000     -999.00000      300.00000        0.00000        2.63856        0.00000
        3.00000     -999.00000      300.00000        0.00000        2.87307        0.00000
        4.00000     -999.00000      300.00000        0.00000        3.05200        0.00000
        5.00000     -999.00000      300.00000        0.00000        3.19842        0.00000
        6.00000     -999.00000      300.00000        0.00000        3.32325        0.00000
        7.00000     -999.00000      300.00000        0.00000        3.43259        0.00000
        8.00000     -999.00000      300.00000        0.00000        3.53021        0.00000
        9.00000     -999.00000      300.00000        0.00000        3.61861        0.00000
       10.00000     -999.00000      300.00000        0.00000        3.69957        0.00000
       11.00000     -999.00000      300.00000        0.00000        3.77436        0.00000
       12.00000     -999.00000      300.00000        0.00000        3.84396        0.00000
       13.00000     -999.00000      300.00000        0.00000        3.90912        0.00000
       14.00000     -999.00000      300.00000        0.00000        3.97044        0.00000
       15.00000     -999.00000      300.00000        0.00000        4.02838        0.00000
       16.00000     -999.00000      300.00000        0.00000        4.08335        0.00000
       17.00000     -999.00000      300.00000        0.00000        4.13567        0.00000
       18.00000     -999.00000      300.00000        0.00000        4.18561        0.00000
       19.00000     -999.00000      300.00000        0.00000        4.23340        0.00000
       20.00000     -999.00000      300.00000        0.00000        4.27925        0.00000
       21.00000     -999.00000      300.00000        0.00000        4.32332        0.00000
       22.00000     -999.00000      300.00000        0.00000        4.36576        0.00000
       23.00000     -999.00000      300.00000        0.00000        4.40671        0.00000
       24.00000     -999.00000      300.00000        0.00000        4.44627        0.00000
       25.00000     -999.00000      300.00000        0.00000        4.48455        0.00000
       26.00000     -999.00000      300.00000        0.00000        4.52164        0.00000
       27.00000     -999.00000      300.00000        0.00000        4.55762        0.00000
       28.00000     -999.00000      300.00000        0.00000        4.59256        0.00000
       29.00000     -999.00000      300.00000        0.00000        4.62652        0.00000
       30.00000     -999.00000      300.00000        0.00000        4.65958        0.00000
       31.00000     -999.00000      300.00000        0.00000        4.69178        0.00000
       32.00000     -999.00000      300.00000        0.00000        4.72316        0.00000
       33.00000     -999.00000      300.00000        0.00000        4.75378        0.00000
       34.00000     -999.00000      300.00000        0.00000        4.78368        0.00000
       35.00000     -999.00000      300.00000        0.00000        4.81289        0.00000
       36.00000     -999.00000      300.00000        0.00000        4.84144        0.00000
       37.00000     -999.00000      300.00000        0.00000        4.86938        0.00000
       38.00000     -999.00000      300.00000        0.00000        4.89673        0.00000
       39.00000     -999.00000      300.00000        0.00000        4.92351        0.00000
       40.00000     -999.00000      300.00000        0.00000        4.94976        0.00000
       41.00000     -999.00000      300.00000        0.00000        4.97549        0.00000
       42.00000     -999.00000      300.00000        0.00000        5.00073        0.00000
       43.00000     -999.00000      300.00000        0.00000        5.02550        0.00000
       44.00000     -999.00000      300.00000        0.00000        5.04982        0.00000
       45.00000     -999.00000      300.00000        0.00000        5.07371        0.00000
       46.00000     -999.00000      300.00000        0.00000        5.09719        0.00000
       47.00000     -999.00000      300.00000        0.00000        5.12026        0.00000
       48.00000     -999.00000      300.00000        0.00000        5.14295        0.00000
       49.00000     -999.00000      300.00000        0.00000        5.16526        0.00000
       50.00000     -999.00000      300.00000        0.00000        5.18722        0.00000
       51.00000     -999.00000      300.00000        0.00000        5.20884        0.00000
       52.00000     -999.00000      300.00000        0.00000        5.23012        0.00000
       53.00000     -999.00000      300.00000        0.00000        5.25109        0.00000
       54.00000     -999.00000      300.00000        0.00000        5.27174        0.00000
       55.00000     -999.00000      300.00000        0.00000        5.29209        0.00000
       56.00000     -999.00000      300.00000        0.00000        5.31215        0.00000
       57.00000     -999.00000      300.00000        0.00000        5.33194        0.00000
       58.00000     -999.00000      300.00000        0.00000        5.35145        0.00000
       59.00000     -999.00000      300.00000        0.00000        5.37069        0.00000
       60.00000     -999.00000      300.00000        0.00000        5.38968        0.00000
       61.00000     -999.00000      300.00000        0.00000        5.40842        0.00000
       62.00000     -999.00000      300.00000        0.00000        5.42692        0.00000
       63.00000     -999.00000      300.00000        0.00000        5.44519        0.00000
       64.00000     -999.00000      300.00000        0.00000        5.46322        0.00000
       65.00000     -999.00000      300.00000        0.00000        5.48104        0.00000
       66.00000     -999.00000      300.00000        0.00000        5.49864        0.00000
       67.00000     -999.00000      300.00000        0.00000        5.51603        0.00000
       68.00000     -999.00000      300.00000        0.00000        5.53322        0.00000
       69.00000     -999.00000      300.00000        0.00000        5.55021        0.00000
       70.00000     -999.00000      300.00000        0.00000        5.56701        0.00000
       71.00000     -999.00000      300.00000        0.00000        5.58362        0.00000
       72.00000     -999.00000      300.00000        0.00000        5.60004        0.00000
       73.00000     -999.00000      300.00000        0.00000        5.61628        0.00000
       74.00000     -999.00000      300.00000        0.00000        5.63235        0.00000
       75.00000     -999.00000      300.00000        0.00000        5.64825        0.00000
       76.00000     -999.00000      300.00000        0.00000        5.66399        0.00000
       77.00000     -999.00000      300.00000        0.00000        5.67955        0.00000
       78.00000     -999.00000      300.00000        0.00000        5.69497        0.00000
       79.00000     -999.00000      300.00000        0.00000        5.71022        0.00000
       80.00000     -999.00000      300.00000        0.00000        5.72533        0.00000
       81.00000     -999.00000      300.00000        0.00000        5.74028        0.00000
       82.00000     -999.00000      300.00000        0.00000        5.75509        0.00000
       83.00000     -999.00000      300.00000        0.00000        5.76976        0.00000
       84.00000     -999.00000      300.00000        0.00000        5.78429        0.00000
       85.00000     -999.00000      300.00000        0.00000        5.79868        0.00000
       86.00000     -999.00000      300.00000        0.00000        5.81294        0.00000
       87.00000     -999.00000      300.00000        0.00000        5.82707        0.00000
       88.00000     -999.00000      300.00000        0.00000        5.84107        0.00000
       89.00000     -999.00000      300.00000        0.00000        5.85495        0.00000
       90.00000     -999.00000      300.00000        0.00000        5.86870        0.00000
       91.00000     -999.00000      300.00000        0.00000        5.88234        0.00000
       92.00000     -999.00000      300.00000        0.00000        5.89585        0.00000
       93.00000     -999.00000      300.00000        0.00000        5.90925        0.00000
       94.00000     -999.00000      300.00000        0.00000        5.92254        0.00000
       95.00000     -999.00000      300.00000        0.00000        5.93572        0.00000
       96.00000     -999.00000      300.00000        0.00000        5.94878        0.00000
       97.00000     -999.00000      300.00000        0.00000        5.96174        0.00000
       98.00000     -999.00000      300.00000        0.00000        5.97460        0.00000
       99.00000     -999.00000      300.00000        0.00000        5.98735        0.00000
      100.00000     -999.00000      300.00000        0.00000        6.00000        0.00000
      101.00000     -999.00000      300.00000        0.00000        6.01255        0.00000
      102.00000     -999.00000      300.00000        0.00000        6.02500        0.00000
      103.00000     -999.00000      300.00000        0.00000        6.03736        0.00000
      104.00000     -999.00000      300.00000        0.00000        6.04962        0.00000
      105.00000     -999.00000      300.00000        0.00000        6.06179        0.00000
      106.00000     -999.00000      300.00000        0.00000        6.07387        0.00000
      107.00000     -999.00000      300.00000        0.00000        6.08586        0.00000
      108.00000     -999.00000      300.00000        0.00000        6.09776        0.00000
      109.00000     -999.00000      300.00000        0.00000        6.10957        0.00000
      110.00000     -999.00000      300.00000        0.00000        6.12130        0.00000
      111.00000     -999.00000      300.00000        0.00000        6.13295        0.00000
      112.00000     -999.00000      300.00000        0.00000        6.14451        0.00000
      113.00000     -999.00000      300.00000        0.00000        6.15599        0.00000
      114.00000     -999.00000      300.00000        0.00000        6.16739        0.00000
      115.00000     -999.00000      300.00000        0.00000        6.17871        0.00000
      116.00000     -999.00000      300.00000        0.00000        6.18995        0.00000
      117.00000     -999.00000      300.00000        0.00000        6.20112        0.00000
      118.00000     -999.00000      300.00000        0.00000        6.21221        0.00000
      119.00000     -999.00000      300.00000        0.00000        6.22323        0.00000
      120.00000     -999.00000      300.00000        0.00000        6.23418        0.00000
      121.00000     -999.00000      300.00000        0.00000        6.24505        0.00000
      122.00000     -999.00000      300.00000        0.00000        6.25586        0.00000
      123.00000     -999.00000      300.00000        0.00000        6.26659        0.00000
      124.00000     -999.00000      300.00000        0.00000        6.27726        0.00000
      125.00000     -999.00000      300.00000        0.00000        6.28785        0.00000
      126.00000     -999.00000      300.00000        0.00000        6.29838        0.00000
      127.00000     -999.00000      300.00000        0.00000        6.30885        0.00000
      128.00000     -999.00000      300.00000        0.00000        6.31925        0.00000
      129.00000     -999.00000      300.00000        0.00000        6.32958        0.00000
      130.00000     -999.00000      300.00000        0.00000        6.33986        0.00000
      131.00000     -999.00000      300.00000        0.00000        6.35007        0.00000
      132.00000     -999.00000      300.00000        0.00000        6.36022        0.00000
      133.00000     -999.00000      300.00000        0.00000        6.37030        0.00000
      134.00000     -999.00000      300.00000        0.00000        6.38033        0.00000
      135.00000     -999.00000      300.00000        0.00000        6.39030        0.00000
      136.00000     -999.00000      300.00000        0.00000        6.40021        0.00000
      137.00000     -999.00000      300.00000        0.00000        6.41007        0.00000
      138.00000     -999.00000      300.00000        0.00000        6.41986        0.00000
      139.00000     -999.00000      300.00000        0.00000        6.42961        0.00000
      140.00000     -999.00000      300.00000        0.00000        6.43929        0.00000
      141.00000     -999.00000      300.00000        0.00000        6.44892        0.00000
      142.00000     -999.00000      300.00000        0.00000        6.45850        0.00000
      143.00000     -999.00000      300.00000        0.00000        6.46803        0.00000
      144.00000     -999.00000      300.00000        0.00000        6.47750        0.00000
      145.00000     -999.00000      300.00000        0.00000        6.48692        0.00000
      146.00000     -999.00000      300.00000        0.00000        6.49629        0.00000
      147.00000     -999.00000      300.00000        0.00000        6.50561        0.00000
      148.00000     -999.00000      300.00000        0.00000        6.51488        0.00000
      149.00000     -999.00000      300.00000        0.00000        6.52410        0.00000
      150.00000     -999.00000      300.00000        0.00000        6.53327        0.00000
10.   151  1000.
        0.00000     -999.00000      300.00000        0.00000        0.00000        0.00000
        1.00000     -999.00000      300.00000        0.00000        2.28114        0.00000
        2.00000     -999.00000      300.00000        0.00000        2.63856        0.00000
        3.00000     -999.00000      300.00000        0.00000        2.87307        0.00000
        4.00000     -999.00000      300.00000        0.00000        3.05200        0.00000
        5.00000     -999.00000      300.00000        0.00000        3.19842        0.00000
        6.00000     -999.00000      300.00000        0.00000        3.32325        0.00000
        7.00000     -999.00000      300.00000        0.00000        3.43259        0.00000
        8.00000     -999.00000      300.00000        0.00000        3.53021        0.00000
        9.00000     -999.00000      300.00000        0.00000        3.61861        0.00000
       10.00000     -999.00000      300.00000        0.00000        3.69957        0.00000
       11.00000     -999.00000      300.00000        0.00000        3.77436        0.00000
       12.00000     -999.00000      300.00000        0.00000        3.84396        0.00000
       13.00000     -999.00000      300.00000        0.00000        3.90912        0.00000
       14.00000     -999.00000      300.00000        0.00000        3.97044        0.00000
       15.00000     -999.00000      300.00000        0.00000        4.02838        0.00000
       16.00000     -999.00000      300.00000        0.00000        4.08335        0.00000
       17.00000     -999.00000      300.00000        0.00000        4.13567        0.00000
       18.00000     -999.00000      300.00000        0.00000        4.18561        0.00000
       19.00000     -999.00000      300.00000        0.00000        4.23340        0.00000
       20.00000     -999.00000      300.00000        0.00000        4.27925        0.00000
       21.00000     -999.00000      300.00000        0.00000        4.32332        0.00000
       22.00000     -999.00000      300.00000        0.00000        4.36576        0.00000
       23.00000     -999.00000      300.00000        0.00000        4.40671        0.00000
       24.00000     -999.00000      300.00000        0.00000        4.44627        0.00000
       25.00000     -999.00000      300.00000        0.00000        4.48455        0.00000
       26.00000     -999.00000      300.00000        0.00000        4.52164        0.00000
       27.00000     -999.00000      300.00000        0.00000        4.55762        0.00000
       28.00000     -999.00000      300.00000        0.00000        4.59256        0.00000
       29.00000     -999.00000      300.00000        0.00000        4.62652        0.00000
       30.00000     -999.00000      300.00000        0.00000        4.65958        0.00000
       31.00000     -999.00000      300.00000        0.00000        4.69178        0.00000
       32.00000     -999.00000      300.00000        0.00000        4.72316        0.00000
       33.00000     -999.00000      300.00000        0.00000        4.75378        0.00000
       34.00000     -999.00000      300.00000        0.00000        4.78368        0.00000
       35.00000     -999.00000      300.00000        0.00000        4.81289        0.00000
       36.00000     -999.00000      300.00000        0.00000        4.84144        0.00000
       37.00000     -999.00000      300.00000        0.00000        4.86938        0.00000
       38.00000     -999.00000      300.00000        0.00000        4.89673        0.00000
       39.00000     -999.00000      300.00000        0.00000        4.92351        0.00000
       40.00000     -999.00000      300.00000        0.00000        4.94976        0.00000
       41.00000     -999.00000      300.00000        0.00000        4.97549        0.00000
       42.00000     -999.00000      300.00000        0.00000        5.00073        0.00000
       43.00000     -999.00000      300.00000        0.00000        5.02550        0.00000
       44.00000     -999.00000      300.00000        0.00000        5.04982        0.00000
       45.00000     -999.00000      300.00000        0.00000        5.07371        0.00000
       46.00000     -999.00000      300.00000        0.00000        5.09719        0.00000
       47.00000     -999.00000      300.00000        0.00000        5.12026        0.00000
       48.00000     -999.00000      300.00000        0.00000        5.14295        0.00000
       49.00000     -999.00000      300.00000        0.00000        5.16526        0.00000
       50.00000     -999.00000      300.00000        0.00000        5.18722        0.00000
       51.00000     -999.00000      300.00000        0.00000        5.20884        0.00000
       52.00000     -999.00000      300.00000        0.00000        5.23012        0.00000
       53.00000     -999.00000      300.00000        0.00000        5.25109        0.00000
       54.00000     -999.00000      300.00000        0.00000        5.27174        0.00000
       55.00000     -999.00000      300.00000        0.00000        5.29209        0.00000
       56.00000     -999.00000      300.00000        0.00000        5.31215        0.00000
       57.00000     -999.00000      300.00000        0.00000        5.33194        0.00000
       58.00000     -999.00000      300.00000        0.00000        5.35145        0.00000
       59.00000     -999.00000      300.00000        0.00000        5.37069        0.00000
       60.00000     -999.00000      300.00000        0.00000        5.38968        0.00000
       61.00000     -999.00000      300.00000        0.00000        5.40842        0.00000
       62.00000     -999.00000      300.00000        0.00000        5.42692        0.00000
       63.00000     -999.00000      300.00000        0.00000        5.44519        0.00000
       64.00000     -999.00000      300.00000        0.00000        5.46322        0.00000
       65.00000     -999.00000      300.00000        0.00000        5.48104        0.00000
       66.00000     -999.00000      300.00000        0.00000        5.49864        0.00000
       67.00000     -999.00000      300.00000        0.00000        5.51603        0.00000
       68.00000     -999.00000      300.00000        0.00000        5.53322        0.00000
       69.00000     -999.00000      300.00000        0.00000        5.55021        0.00000
       70.00000     -999.00000      300.00000        0.00000        5.56701        0.00000
       71.00000     -999.00000      300.00000        0.00000        5.58362        0.00000
       72.00000     -999.00000      300.00000        0.00000        5.60004        0.00000
       73.00000     -999.00000      300.00000        0.00000        5.61628        0.00000
       74.00000     -999.00000      300.00000        0.00000        5.63235        0.00000
       75.00000     -999.00000      300.00000        0.00000        5.64825        0.00000
       76.00000     -999.00000      300.00000        0.00000        5.66399        0.00000
       77.00000     -999.00000      300.00000        0.00000        5.67955        0.00000
       78.00000     -999.00000      300.00000        0.00000        5.69497        0.00000
       79.00000     -999.00000      300.00000        0.00000        5.71022        0.00000
       80.00000     -999.00000      300.00000        0.00000        5.72533        0.00000
       81.00000     -999.00000      300.00000        0.00000        5.74028        0.00000
       82.00000     -999.00000      300.00000        0.00000        5.75509        0.00000
       83.00000     -999.00000      300.00000        0.00000        5.76976        0.00000
       84.00000     -999.00000      300.00000        0.00000        5.78429        0.00000
       85.00000     -999.00000      300.00000        0.00000        5.79868        0.00000
       86.00000     -999.00000      300.00000        0.00000        5.81294        0.00000
       87.00000     -999.00000      300.00000        0.00000        5.82707        0.00000
       88.00000     -999.00000      300.00000        0.00000        5.84107        0.00000
       89.00000     -999.00000      300.00000        0.00000        5.85495        0.00000
       90.00000     -999.00000      300.00000        0.00000        5.86870        0.00000
       91.00000     -999.00000      300.00000        0.00000        5.88234        0.00000
       92.00000     -999.00000      300.00000        0.00000        5.89585        0.00000
       93.00000     -999.00000      300.00000        0.00000        5.90925        0.00000
       94.00000     -999.00000      300.00000        0.00000        5.92254        0.00000
       95.00000     -999.00000      300.00000        0.00000        5.93572        0.00000
       96.00000     -999.00000      300.00000        0.00000        5.94878        0.00000
       97.00000     -999.00000      300.00000        0.00000        5.96174        0.00000
       98.00000     -999.00000      300.00000        0.00000        5.97460        0.00000
       99.00000     -999.00000      300.00000        0.00000        5.98735        0.00000
      100.00000     -999.00000      300.00000        0.00000        6.00000        0.00000
      101.00000     -999.00000      300.00000        0.00000        6.01255        0.00000
      102.00000     -999.00000      300.00000        0.00000        6.02500        0.00000
      103.00000     -999.00000      300.00000        0.00000        6.03736        0.00000
      104.00000     -999.00000      300.00000        0.00000        6.04962        0.00000
      105.00000     -999.00000      300.00000        0.00000        6.06179        0.00000
      106.00000     -999.00000      300.00000        0.00000        6.07387        0.00000
      107.00000     -999.00000      300.00000        0.00000        6.08586        0.00000
      108.00000     -999.00000      300.00000        0.00000        6.09776        0.00000
      109.00000     -999.00000      300.00000        0.00000        6.10957        0.00000
      110.00000     -999.00000      300.00000        0.00000        6.12130        0.00000
      111.00000     -999.00000      300.00000        0.00000        6.13295        0.00000
      112.00000     -999.00000      300.00000        0.00000        6.14451        0.00000
      113.00000     -999.00000      300.00000        0.00000        6.15599        0.00000
      114.00000     -999.00000      300.00000        0.00000        6.16739        0.00000
      115.00000     -999.00000      300.00000        0.00000        6.17871        0.00000
      116.00000     -999.00000      300.00000        0.00000        6.18995        0.00000
      117.00000     -999.00000      300.00000        0.00000        6.20112        0.00000
      118.00000     -999.00000      300.00000        0.00000        6.21221        0.00000
      119.00000     -999.00000      300.00000        0.00000        6.22323        0.00000
      120.00000     -999.00000      300.00000        0.00000        6.23418        0.00000
      121.00000     -999.00000      300.00000        0.00000        6.24505        0.00000
      122.00000     -999.00000      300.00000        0.00000        6.25586        0.00000
      123.00000     -999.00000      300.00000        0.00000        6.26659        0.00000
      124.00000     -999.00000      300.00000        0.00000        6.27726        0.00000
      125.00000     -999.00000      300.00000        0.00000        6.28785        0.00000
      126.00000     -999.00000      300.00000        0.00000        6.29838        0.00000
      127.00000     -999.00000      300.00000        0.00000        6.30885        0.00000
      128.00000     -999.00000      300.00000        0.00000        6.31925        0.00000
      129.00000     -999.00000      300.00000        0.00000        6.32958        0.00000
      130.00000     -999.00000      300.00000        0.00000        6.33986        0.00000
      131.00000     -999.00000      300.00000        0.00000        6.35007        0.00000
      132.00000     -999.00000      300.00000        0.00000        6.36022        0.00000
      133.00000     -999.00000      300.00000        0.00000        6.37030        0.00000
      134.00000     -999.00000      300.00000        0.00000        6.38033        0.00000
      135.00000     -999.00000      300.00000        0.00000        6.39030        0.00000
      136.00000     -999.00000      300.00000        0.00000        6.40021        0.00000
      137.00000     -999.00000      300.00000        0.00000        6.41007        0.00000
      138.00000     -999.00000      300.00000        0.00000        6.41986        0.00000
      139.00000     -999.00000      300.00000        0.00000        6.42961        0.00000
      140.00000     -999.00000      300.00000        0.00000        6.43929        0.00000
      141.00000     -999.00000      300.00000        0.00000        6.44892        0.00000
      142.00000     -999.00000      300.00000        0.00000        6.45850        0.00000
      143.00000     -999.00000      300.00000        0.00000        6.46803        0.00000
      144.00000     -999.00000      300.00000        0.00000        6.47750        0.00000
      145.00000     -999.00000      300.00000        0.00000        6.48692        0.00000
      146.00000     -999.00000      300.00000        0.00000        6.49629        0.00000
      147.00000     -999.00000      300.00000        0.00000        6.50561        0.00000
      148.00000     -999.00000      300.00000        0.00000        6.51488        0.00000
      149.00000     -999.00000      300.00000        0.00000        6.52410        0.00000
      150.00000     -999.00000      300.00000        0.00000        6.53327        0.00000
