  z[m] p[mb] tp[K] q[g/kg] u[m/s] v[m/s]
0    84   1006.91
     25.0000      1004.0576        298.0744         15.4411           0.      0.
     75.0000       998.3730        298.0719         15.2282           0.      0.
    127.8481       992.3884        298.1182         15.2041           0.      0.
    186.7169       985.7535        298.1571         15.1477           0.      0.
    252.2922       978.4005        298.2047         15.0890           0.      0.
    325.3382       970.2576        298.2563         14.9965           0.      0.
    406.7058       961.2451        298.3223         14.8632           0.      0.
    497.3432       951.2774        298.4134         14.6564           0.      0.
    598.3063       940.2642        298.5632         14.3197           0.      0.
    710.7715       928.1083        298.8299         13.7741           0.      0.
    836.0493       914.7102        299.2514         13.0553           0.      0.
    975.5992       899.9649        299.7498         12.3794           0.      0.
   1131.0472       883.7624        300.2938         11.7805           0.      0.
   1304.2045       865.9877        300.9214         11.2005           0.      0.
   1497.0885       846.5272        301.6674         10.5931           0.      0.
   1711.9467       825.2669        302.5304          9.9495           0.      0.
   1951.2823       802.0970        303.5222          9.2618           0.      0.
   2217.8840       776.9148        304.6651          8.5204           0.      0.
   2514.8582       749.6297        305.9665          7.7314           0.      0.
   2845.6648       720.1676        307.4684          6.8877           0.      0.
   3214.1582       688.4741        309.0692          6.0630           0.      0.
   3624.6318       654.5258        310.9338          5.2155           0.      0.
   4081.8684       618.3434        313.0031          4.3865           0.      0.
   4581.8682       580.6821        315.2761          3.5994           0.      0.
   5081.8682       544.9328        317.5504          2.9218           0.      0.
   5581.8682       510.9993        319.6244          2.3860           0.      0.
   6081.8682       478.7992        321.7373          1.9168           0.      0.
   6581.8682       448.2651        323.8843          1.4962           0.      0.
   7081.8682       419.3216        325.8270          1.1521           0.      0.
   7581.8682       391.8896        327.6459          0.8624           0.      0.
   8081.8682       365.8930        329.2163          0.6361           0.      0.
   8581.8682       341.2577        330.5827          0.4623           0.      0.
   9081.8682       317.9179        331.7809          0.3294           0.      0.
   9581.8682       295.8120        332.7896          0.2324           0.      0.
  10081.8682       274.8834        333.6635          0.1603           0.      0.
  10581.8682       255.0798        334.4049          0.1091           0.      0.
  11081.8682       236.3536        335.0538          0.0736           0.      0.
  11581.8682       218.6619        335.6508          0.0494           0.      0.
  12081.8682       201.9658        336.2771          0.0322           0.      0.
  12581.8682       186.2314        337.0081          0.0206           0.      0.
  13081.8682       171.4364        338.2022          0.0126           0.      0.
  13581.8682       157.5472        339.6222          0.0081           0.      0.
  14081.8682       144.5491        342.0099          0.0053           0.      0.
  14581.8682       132.4243        345.2799          0.0038           0.      0.
  15081.8682       121.2017        352.4588          0.0030           0.      0.
  15581.8682       110.9184        362.7014          0.0029           0.      0.
  16081.8682       101.5351        375.8085          0.0034           0.      0.
  16581.8672        93.0191        390.2621          0.0038           0.      0.
  17081.8672        85.2990        401.4468          0.0038           0.      0.
  17581.8672        78.2730        412.7252          0.0038           0.      0.
  18081.8672        71.8554        423.1272          0.0037           0.      0.
  18581.8672        65.9806        435.1400          0.0033           0.      0.
  19081.8672        60.6095        448.7848          0.0025           0.      0.
  19581.8672        55.7169        466.5677          0.0009           0.      0.
  20081.8672        51.2929        488.8426          0.0001           0.      0.
  20581.8672        47.2971        508.5522          0.0000           0.      0.
  21081.8672        43.6618        525.6441          0.0000           0.      0.
  21581.8672        40.3375        541.8056          0.0000           0.      0.
  22081.8672        37.2871        557.2050          0.0000           0.      0.
  22581.8672        34.4821        573.0800          0.0000           0.      0.
  23081.8672        31.9016        589.0630          0.0000           0.      0.
  23581.8672        29.5259        605.3549          0.0000           0.      0.
  24081.8672        27.3353        620.7562          0.0000           0.      0.
  24581.8672        25.3140        636.9035          0.0000           0.      0.
  25081.8672        23.4468        651.5530          0.0000           0.      0.
  25581.8672        21.7194        667.0504          0.0000           0.      0.
  26081.8672        20.1230        683.9990          0.0000           0.      0.
  26581.8672        18.6488        701.5774          0.0000           0.      0.
  27081.8672        17.2873        719.3923          0.0000           0.      0.
  27581.8672        16.0292        737.2972          0.0000           0.      0.
  28081.8672        14.8660        755.4753          0.0000           0.      0.
  28581.8672        13.7901        773.9690          0.0000           0.      0.
  29081.8672        12.7952        793.2001          0.0000           0.      0.
  29581.8672        11.8751        812.9661          0.0000           0.      0.
  30081.8672        11.0242        833.4505          0.0000           0.      0.
  30590.0547        10.2239        853.8859          0.0000           0.      0.
  31149.0605         9.4117        874.9141          0.0000           0.      0.
  31763.9668         8.5930        897.9805          0.0000           0.      0.
  32440.3633         7.7747        925.0331          0.0000           0.      0.
  33184.3984         6.9655        958.0074          0.0000           0.      0.
  34002.8398         6.1750        996.6703          0.0000           0.      0.
  34903.1250         5.4117       1038.9115          0.0000           0.      0.
  35893.4375         4.6835       1088.4170          0.0000           0.      0.
  36982.7812         3.9927       1123.5953          0.0000           0.      0.
1000    84   1006.91
     25.0000      1004.0576        298.0744         15.4411           0.      0.
     75.0000       998.3730        298.0719         15.2282           0.      0.
    127.8481       992.3884        298.1182         15.2041           0.      0.
    186.7169       985.7535        298.1571         15.1477           0.      0.
    252.2922       978.4005        298.2047         15.0890           0.      0.
    325.3382       970.2576        298.2563         14.9965           0.      0.
    406.7058       961.2451        298.3223         14.8632           0.      0.
    497.3432       951.2774        298.4134         14.6564           0.      0.
    598.3063       940.2642        298.5632         14.3197           0.      0.
    710.7715       928.1083        298.8299         13.7741           0.      0.
    836.0493       914.7102        299.2514         13.0553           0.      0.
    975.5992       899.9649        299.7498         12.3794           0.      0.
   1131.0472       883.7624        300.2938         11.7805           0.      0.
   1304.2045       865.9877        300.9214         11.2005           0.      0.
   1497.0885       846.5272        301.6674         10.5931           0.      0.
   1711.9467       825.2669        302.5304          9.9495           0.      0.
   1951.2823       802.0970        303.5222          9.2618           0.      0.
   2217.8840       776.9148        304.6651          8.5204           0.      0.
   2514.8582       749.6297        305.9665          7.7314           0.      0.
   2845.6648       720.1676        307.4684          6.8877           0.      0.
   3214.1582       688.4741        309.0692          6.0630           0.      0.
   3624.6318       654.5258        310.9338          5.2155           0.      0.
   4081.8684       618.3434        313.0031          4.3865           0.      0.
   4581.8682       580.6821        315.2761          3.5994           0.      0.
   5081.8682       544.9328        317.5504          2.9218           0.      0.
   5581.8682       510.9993        319.6244          2.3860           0.      0.
   6081.8682       478.7992        321.7373          1.9168           0.      0.
   6581.8682       448.2651        323.8843          1.4962           0.      0.
   7081.8682       419.3216        325.8270          1.1521           0.      0.
   7581.8682       391.8896        327.6459          0.8624           0.      0.
   8081.8682       365.8930        329.2163          0.6361           0.      0.
   8581.8682       341.2577        330.5827          0.4623           0.      0.
   9081.8682       317.9179        331.7809          0.3294           0.      0.
   9581.8682       295.8120        332.7896          0.2324           0.      0.
  10081.8682       274.8834        333.6635          0.1603           0.      0.
  10581.8682       255.0798        334.4049          0.1091           0.      0.
  11081.8682       236.3536        335.0538          0.0736           0.      0.
  11581.8682       218.6619        335.6508          0.0494           0.      0.
  12081.8682       201.9658        336.2771          0.0322           0.      0.
  12581.8682       186.2314        337.0081          0.0206           0.      0.
  13081.8682       171.4364        338.2022          0.0126           0.      0.
  13581.8682       157.5472        339.6222          0.0081           0.      0.
  14081.8682       144.5491        342.0099          0.0053           0.      0.
  14581.8682       132.4243        345.2799          0.0038           0.      0.
  15081.8682       121.2017        352.4588          0.0030           0.      0.
  15581.8682       110.9184        362.7014          0.0029           0.      0.
  16081.8682       101.5351        375.8085          0.0034           0.      0.
  16581.8672        93.0191        390.2621          0.0038           0.      0.
  17081.8672        85.2990        401.4468          0.0038           0.      0.
  17581.8672        78.2730        412.7252          0.0038           0.      0.
  18081.8672        71.8554        423.1272          0.0037           0.      0.
  18581.8672        65.9806        435.1400          0.0033           0.      0.
  19081.8672        60.6095        448.7848          0.0025           0.      0.
  19581.8672        55.7169        466.5677          0.0009           0.      0.
  20081.8672        51.2929        488.8426          0.0001           0.      0.
  20581.8672        47.2971        508.5522          0.0000           0.      0.
  21081.8672        43.6618        525.6441          0.0000           0.      0.
  21581.8672        40.3375        541.8056          0.0000           0.      0.
  22081.8672        37.2871        557.2050          0.0000           0.      0.
  22581.8672        34.4821        573.0800          0.0000           0.      0.
  23081.8672        31.9016        589.0630          0.0000           0.      0.
  23581.8672        29.5259        605.3549          0.0000           0.      0.
  24081.8672        27.3353        620.7562          0.0000           0.      0.
  24581.8672        25.3140        636.9035          0.0000           0.      0.
  25081.8672        23.4468        651.5530          0.0000           0.      0.
  25581.8672        21.7194        667.0504          0.0000           0.      0.
  26081.8672        20.1230        683.9990          0.0000           0.      0.
  26581.8672        18.6488        701.5774          0.0000           0.      0.
  27081.8672        17.2873        719.3923          0.0000           0.      0.
  27581.8672        16.0292        737.2972          0.0000           0.      0.
  28081.8672        14.8660        755.4753          0.0000           0.      0.
  28581.8672        13.7901        773.9690          0.0000           0.      0.
  29081.8672        12.7952        793.2001          0.0000           0.      0.
  29581.8672        11.8751        812.9661          0.0000           0.      0.
  30081.8672        11.0242        833.4505          0.0000           0.      0.
  30590.0547        10.2239        853.8859          0.0000           0.      0.
  31149.0605         9.4117        874.9141          0.0000           0.      0.
  31763.9668         8.5930        897.9805          0.0000           0.      0.
  32440.3633         7.7747        925.0331          0.0000           0.      0.
  33184.3984         6.9655        958.0074          0.0000           0.      0.
  34002.8398         6.1750        996.6703          0.0000           0.      0.
  34903.1250         5.4117       1038.9115          0.0000           0.      0.
  35893.4375         4.6835       1088.4170          0.0000           0.      0.
  36982.7812         3.9927       1123.5953          0.0000           0.      0.
1000    84   1006.91
     25.0000      1004.0576        298.0744         15.4411           0.      0.
     75.0000       998.3730        298.0719         15.2282           0.      0.
    127.8481       992.3884        298.1182         15.2041           0.      0.
    186.7169       985.7535        298.1571         15.1477           0.      0.
    252.2922       978.4005        298.2047         15.0890           0.      0.
    325.3382       970.2576        298.2563         14.9965           0.      0.
    406.7058       961.2451        298.3223         14.8632           0.      0.
    497.3432       951.2774        298.4134         14.6564           0.      0.
    598.3063       940.2642        298.5632         14.3197           0.      0.
    710.7715       928.1083        298.8299         13.7741           0.      0.
    836.0493       914.7102        299.2514         13.0553           0.      0.
    975.5992       899.9649        299.7498         12.3794           0.      0.
   1131.0472       883.7624        300.2938         11.7805           0.      0.
   1304.2045       865.9877        300.9214         11.2005           0.      0.
   1497.0885       846.5272        301.6674         10.5931           0.      0.
   1711.9467       825.2669        302.5304          9.9495           0.      0.
   1951.2823       802.0970        303.5222          9.2618           0.      0.
   2217.8840       776.9148        304.6651          8.5204           0.      0.
   2514.8582       749.6297        305.9665          7.7314           0.      0.
   2845.6648       720.1676        307.4684          6.8877           0.      0.
   3214.1582       688.4741        309.0692          6.0630           0.      0.
   3624.6318       654.5258        310.9338          5.2155           0.      0.
   4081.8684       618.3434        313.0031          4.3865           0.      0.
   4581.8682       580.6821        315.2761          3.5994           0.      0.
   5081.8682       544.9328        317.5504          2.9218           0.      0.
   5581.8682       510.9993        319.6244          2.3860           0.      0.
   6081.8682       478.7992        321.7373          1.9168           0.      0.
   6581.8682       448.2651        323.8843          1.4962           0.      0.
   7081.8682       419.3216        325.8270          1.1521           0.      0.
   7581.8682       391.8896        327.6459          0.8624           0.      0.
   8081.8682       365.8930        329.2163          0.6361           0.      0.
   8581.8682       341.2577        330.5827          0.4623           0.      0.
   9081.8682       317.9179        331.7809          0.3294           0.      0.
   9581.8682       295.8120        332.7896          0.2324           0.      0.
  10081.8682       274.8834        333.6635          0.1603           0.      0.
  10581.8682       255.0798        334.4049          0.1091           0.      0.
  11081.8682       236.3536        335.0538          0.0736           0.      0.
  11581.8682       218.6619        335.6508          0.0494           0.      0.
  12081.8682       201.9658        336.2771          0.0322           0.      0.
  12581.8682       186.2314        337.0081          0.0206           0.      0.
  13081.8682       171.4364        338.2022          0.0126           0.      0.
  13581.8682       157.5472        339.6222          0.0081           0.      0.
  14081.8682       144.5491        342.0099          0.0053           0.      0.
  14581.8682       132.4243        345.2799          0.0038           0.      0.
  15081.8682       121.2017        352.4588          0.0030           0.      0.
  15581.8682       110.9184        362.7014          0.0029           0.      0.
  16081.8682       101.5351        375.8085          0.0034           0.      0.
  16581.8672        93.0191        390.2621          0.0038           0.      0.
  17081.8672        85.2990        401.4468          0.0038           0.      0.
  17581.8672        78.2730        412.7252          0.0038           0.      0.
  18081.8672        71.8554        423.1272          0.0037           0.      0.
  18581.8672        65.9806        435.1400          0.0033           0.      0.
  19081.8672        60.6095        448.7848          0.0025           0.      0.
  19581.8672        55.7169        466.5677          0.0009           0.      0.
  20081.8672        51.2929        488.8426          0.0001           0.      0.
  20581.8672        47.2971        508.5522          0.0000           0.      0.
  21081.8672        43.6618        525.6441          0.0000           0.      0.
  21581.8672        40.3375        541.8056          0.0000           0.      0.
  22081.8672        37.2871        557.2050          0.0000           0.      0.
  22581.8672        34.4821        573.0800          0.0000           0.      0.
  23081.8672        31.9016        589.0630          0.0000           0.      0.
  23581.8672        29.5259        605.3549          0.0000           0.      0.
  24081.8672        27.3353        620.7562          0.0000           0.      0.
  24581.8672        25.3140        636.9035          0.0000           0.      0.
  25081.8672        23.4468        651.5530          0.0000           0.      0.
  25581.8672        21.7194        667.0504          0.0000           0.      0.
  26081.8672        20.1230        683.9990          0.0000           0.      0.
  26581.8672        18.6488        701.5774          0.0000           0.      0.
  27081.8672        17.2873        719.3923          0.0000           0.      0.
  27581.8672        16.0292        737.2972          0.0000           0.      0.
  28081.8672        14.8660        755.4753          0.0000           0.      0.
  28581.8672        13.7901        773.9690          0.0000           0.      0.
  29081.8672        12.7952        793.2001          0.0000           0.      0.
  29581.8672        11.8751        812.9661          0.0000           0.      0.
  30081.8672        11.0242        833.4505          0.0000           0.      0.
  30590.0547        10.2239        853.8859          0.0000           0.      0.
  31149.0605         9.4117        874.9141          0.0000           0.      0.
  31763.9668         8.5930        897.9805          0.0000           0.      0.
  32440.3633         7.7747        925.0331          0.0000           0.      0.
  33184.3984         6.9655        958.0074          0.0000           0.      0.
  34002.8398         6.1750        996.6703          0.0000           0.      0.
  34903.1250         5.4117       1038.9115          0.0000           0.      0.
  35893.4375         4.6835       1088.4170          0.0000           0.      0.
  36982.7812         3.9927       1123.5953          0.0000           0.      0.
