  -88.9000000000000                1   216.743000465960     
  -86.9493129958064                2   206.054753792927     
  -85.0948202116700                3   195.893576583258     
  -83.3317780224207                4   186.233477462717     
  -81.6556767252563                5   177.049746769598     
  -80.0622290043299                6   168.318893349631     
  -78.5473589641832                7   160.018584467751     
  -77.1071917039734                8   152.127588682954     
  -75.7380434058269                9   144.625721540202     
  -74.4364119119650               10   137.493793940398     
  -73.1989677665015               11   130.713563056418     
  -72.0225456989937               12   124.267685669583     
  -70.9041365279675               13   118.139673807294     
  -69.8408794637018               14   112.313852568270     
  -68.8300547905874               15   106.775320027577     
  -67.8690769103392               16   101.509909118835     
  -66.9554877282697               17   96.5041513961561     
  -66.0869503657043               18   91.7452425830605     
  -65.2612431824567               19   87.2210098203096     
  -64.4762540940739               20   82.9198805288153     
  -63.7299751693146               21   78.8308528080345     
  -63.0204974940423               22   74.9434672941002     
  -62.3460062883954               23   71.2477804057146     
  -61.7047762647440               24   67.7343389093544     
  -61.0951672145598               25   64.3941557387717     
  -60.5156198129108               26   61.2186870068720     
  -59.9646516298490               27   58.1998101512321     
  -59.4408533384879               28   55.3298031573143     
  -58.9428851100721               29   52.6013248062516     
  -58.4694731868158               30   50.0073958966717     
  -58.0194066237457               31   47.5413813925335     
  -57.5915341912129               32   45.1969734512940     
  -57.1847614301513               33   42.9681752890316     
  -56.7980478525500               34   40.8492858411967     
  -56.4304042799792               35   38.8348851798178     
  -56.0808903133609               36   36.9198206498046     
  -55.7486119275126               37   35.0991936889295     
  -55.4327191843123               38   33.3683472977416     
  -55.1324040586326               39   31.7228541273838     
  -54.8468983714861               40   30.5563123728960     
  -54.5718915601301               41   30.2925184164656     
  -54.2992588943819               42   30.4944429797658     
  -54.0248089075640               43   30.6970091570528     
  -53.7485358251505               44   30.9002024328417     
  -53.4704340032550               45   31.1040078720358     
  -53.1904979324066               46   31.3084101151020     
  -52.9087222413707               47   31.5133933733260     
  -52.6251017010108               48   31.7189414241707     
  -52.3396312281932               49   31.9250376067338     
  -52.0523058897326               50   32.1316648173138     
  -51.7631209063768               51   32.3388055051039     
  -51.4720716568309               52   32.5464416679869     
  -51.1791536818190               53   32.7545548484965     
  -50.8843626881825               54   32.9631261298849     
  -50.5876945530136               55   33.1721361323582     
  -50.2891453278223               56   33.3815650094683     
  -49.9887112427371               57   33.5913924446487     
  -49.6863887107353               58   33.8015976479550     
  -49.3821743319037               59   34.0121593529553     
  -49.0760648977271               60   34.2230558138286     
  -48.7680573954026               61   34.4342648026578     
  -48.4581490121787               62   34.6457636069270     
  -48.1463371397164               63   34.8575290272343     
  -47.8326193784713               64   35.0695373752359     
  -47.5169935420941               65   35.2817644718170     
  -47.1994576618478               66   35.4941856455184     
  -46.8800099910381               67   35.7067757311916     
  -46.5586490094574               68   35.9195090689500     
  -46.2353734278368               69   36.1323595033617     
  -45.9101821923066               70   36.3453003829430     
  -45.5830744888601               71   36.5583045599291     
  -45.2540497478207               72   36.7713443903597     
  -44.9231076483075               73   36.9843917344607     
  -44.5902481226974               74   37.1974179573489     
  -44.2554713610812               75   37.4103939300730     
  -43.9187778157106               76   37.6232900309835     
  -43.5801682054317               77   37.8360761474520     
  -43.2396435201046               78   38.0487216779536     
  -42.8972050250031               79   38.2611955345066     
  -42.5528542651925               80   38.4734661454939     
  -42.2065930698831               81   38.6855014588639     
  -41.8584235567533               82   38.8972689457303     
  -41.5083481362417               83   39.1087356043656     
  -41.1563695158024               84   39.3198679646124     
  -40.8024907041209               85   39.5306320927055     
  -40.4467150152866               86   39.7409935965306     
  -40.0890460729178               87   39.9509176313033     
  -39.7294878142361               88   40.1603689057042     
  -39.3680444940847               89   40.3693116884535     
  -39.0047206888886               90   40.5777098153403     
  -38.6395213005506               91   40.7855266967264     
  -38.2724515602800               92   40.9927253255012     
  -37.9035170323505               93   41.1992682855226     
  -37.5327236177808               94   41.4051177605417     
  -37.1600775579359               95   41.6102355435931     
  -36.7855854380436               96   41.8145830468954     
  -36.4092541906215               97   42.0181213122327     
  -36.0310910988115               98   42.2208110218365     
  -35.6511037996149               99   42.4226125097667     
  -35.2693002870270              100   42.6234857737929     
  -34.8856889150629              101   42.8233904877876     
  -34.5002784006728              102   43.0222860146077     
  -34.1130778265413              103   43.2201314195026     
  -33.7240966437658              104   43.4168854840138     
  -33.3333446744097              105   43.6125067203806     
  -32.9408321139263              106   43.8069533864578     
  -32.5465695334481              107   44.0001835011267     
  -32.1505678819380              108   44.1921548602069     
  -31.7528384881961              109   44.3828250528671     
  -31.3533930627203              110   44.5721514785215     
  -30.9522436994136              111   44.7600913642145     
  -30.5494028771357              112   44.9466017824855     
  -30.1448834610933              113   45.1316396697084     
  -29.7386987040660              114   45.3151618448899     
  -29.3308622474620              115   45.4971250289336     
  -28.9213881222015              116   45.6774858643472     
  -28.5102907494224              117   45.8562009353886     
  -28.0975849410039              118   46.0332267886392     
  -27.6832858999062              119   46.2085199539896     
  -27.2674092203203              120   46.3820369660360     
  -26.8499708876259              121   46.5537343858517     
  -26.4309872781533              122   46.7235688231481     
  -26.0104751587449              123   46.8914969587845     
  -25.5884516861159              124   47.0574755676224     
  -25.1649344060073              125   47.2214615417117     
  -24.7399412521319              126   47.3834119137761     
  -24.3134905449079              127   47.5432838809940     
  -23.8856009899789              128   47.7010348290475     
  -23.4562916765175              129   47.8566223564189     
  -23.0255820753097              130   48.0100042989180     
  -22.5934920366195              131   48.1611387544112     
  -22.1600417878298              132   48.3099841077402     
  -21.7252519308601              133   48.4564990557944     
  -21.2891434393580              134   48.6006426327228     
  -20.8517376556635              135   48.7423742352525     
  -20.4130562875462              136   48.8816536481005     
  -19.9731214047133              137   49.0184410694319     
  -19.5319554350884              138   49.1526971363641     
  -19.0895811608611              139   49.2843829504663     
  -18.6460217143069              140   49.4134601032393     
  -18.2013005733778              141   49.5398907015448     
  -17.7554415570639              142   49.6636373929565     
  -17.3084688205273              143   49.7846633909988     
  -16.8604068500083              144   49.9029325002473     
  -16.4112804575061              145   50.0184091412687     
  -15.9611147752346              146   50.1310583753529     
  -15.5099352498565              147   50.2408459290243     
  -15.0577676364952              148   50.3477382182942     
  -14.6046379925306              149   50.4517023726214     
  -14.1505726711770              150   50.5527062585615     
  -13.6955983148499              151   50.6507185030579     
  -13.2397418483224              152   50.7457085163651     
  -12.7830304716751              153   50.8376465145550     
  -12.3254916530441              154   50.9265035415891     
  -11.8671531211698              155   51.0122514909210     
  -11.4080428577516              156   51.0948631266049     
  -10.9481890896121              157   51.1743121038768     
  -10.4876202806772              158   51.2505729891804     
  -10.0263651237746              159   51.3236212796188     
  -9.56445253225802              160   51.3934334217873     
  -9.10191163146194              161   51.4599868299831     
  -8.63877174999209              162   51.5232599037453     
  -8.17506241085838              163   51.5832320447157     
  -7.71081332245594              164   51.6398836727865     
  -7.24605436940086              165   51.6931962415189     
  -6.78081560322719              166   51.7431522528023     
  -6.31512723295197              167   51.7897352707421     
  -5.84901961551529              168   51.8329299347472     
  -5.38252324610257              169   51.8727219718030     
  -4.91566874835634              170   51.9090982079108     
  -4.44848686448514              171   51.9420465786765     
  -3.98100844527706              172   51.9715561390303     
  -3.51326444002578              173   51.9976170720689     
  -3.04528588637716              174   52.0202206970002     
  -2.57710390010416              175   52.0393594761831     
  -2.10874966481851              176   52.0550270212499     
  -1.64025442162726              177   52.0672180983031     
  -1.17164945874254              178   52.0759286321768     
 -0.702966101052946              179   52.0811557097591     
 -0.234235699665113              180   52.0523777033585     
  0.234235699665113              181   52.0811557097591     
  0.702966101052946              182   52.0759286321768     
   1.17164945874254              183   52.0672180983031     
   1.64025442162726              184   52.0550270212499     
   2.10874966481851              185   52.0393594761831     
   2.57710390010416              186   52.0202206970002     
   3.04528588637716              187   51.9976170720689     
   3.51326444002578              188   51.9715561390303     
   3.98100844527706              189   51.9420465786765     
   4.44848686448514              190   51.9090982079108     
   4.91566874835634              191   51.8727219718030     
   5.38252324610257              192   51.8329299347472     
   5.84901961551529              193   51.7897352707421     
   6.31512723295197              194   51.7431522528023     
   6.78081560322719              195   51.6931962415189     
   7.24605436940086              196   51.6398836727865     
   7.71081332245594              197   51.5832320447157     
   8.17506241085838              198   51.5232599037453     
   8.63877174999209              199   51.4599868299831     
   9.10191163146194              200   51.3934334217873     
   9.56445253225802              201   51.3236212796188     
   10.0263651237746              202   51.2505729891804     
   10.4876202806772              203   51.1743121038768     
   10.9481890896121              204   51.0948631266049     
   11.4080428577516              205   51.0122514909210     
   11.8671531211698              206   50.9265035415891     
   12.3254916530441              207   50.8376465145550     
   12.7830304716751              208   50.7457085163651     
   13.2397418483224              209   50.6507185030579     
   13.6955983148499              210   50.5527062585615     
   14.1505726711770              211   50.4517023726214     
   14.6046379925306              212   50.3477382182942     
   15.0577676364952              213   50.2408459290243     
   15.5099352498565              214   50.1310583753529     
   15.9611147752346              215   50.0184091412687     
   16.4112804575061              216   49.9029325002473     
   16.8604068500083              217   49.7846633909988     
   17.3084688205273              218   49.6636373929565     
   17.7554415570639              219   49.5398907015448     
   18.2013005733778              220   49.4134601032393     
   18.6460217143069              221   49.2843829504663     
   19.0895811608611              222   49.1526971363641     
   19.5319554350884              223   49.0184410694319     
   19.9731214047133              224   48.8816536481005     
   20.4130562875462              225   48.7423742352525     
   20.8517376556635              226   48.6006426327228     
   21.2891434393580              227   48.4564990557944     
   21.7252519308601              228   48.3099841077402     
   22.1600417878298              229   48.1611387544112     
   22.5934920366195              230   48.0100042989180     
   23.0255820753097              231   47.8566223564189     
   23.4562916765175              232   47.7010348290475     
   23.8856009899789              233   47.5432838809940     
   24.3134905449079              234   47.3834119137761     
   24.7399412521319              235   47.2214615417117     
   25.1649344060073              236   47.0574755676224     
   25.5884516861159              237   46.8914969587845     
   26.0104751587449              238   46.7235688231481     
   26.4309872781533              239   46.5537343858517     
   26.8499708876259              240   46.3820369660360     
   27.2674092203203              241   46.2085199539896     
   27.6832858999062              242   46.0332267886392     
   28.0975849410039              243   45.8562009353886     
   28.5102907494224              244   45.6774858643472     
   28.9213881222015              245   45.4971250289336     
   29.3308622474620              246   45.3151618448899     
   29.7386987040660              247   45.1316396697084     
   30.1448834610933              248   44.9466017824855     
   30.5494028771357              249   44.7600913642145     
   30.9522436994136              250   44.5721514785215     
   31.3533930627203              251   44.3828250528671     
   31.7528384881961              252   44.1921548602069     
   32.1505678819380              253   44.0001835011267     
   32.5465695334481              254   43.8069533864578     
   32.9408321139263              255   43.6125067203806     
   33.3333446744097              256   43.4168854840138     
   33.7240966437658              257   43.2201314195026     
   34.1130778265413              258   43.0222860146077     
   34.5002784006728              259   42.8233904877876     
   34.8856889150629              260   42.6234857737929     
   35.2693002870270              261   42.4226125097667     
   35.6511037996149              262   42.2208110218365     
   36.0310910988115              263   42.0181213122327     
   36.4092541906215              264   41.8145830468954     
   36.7855854380436              265   41.6102355435931     
   37.1600775579359              266   41.4051177605417     
   37.5327236177808              267   41.1992682855226     
   37.9035170323505              268   40.9927253255012     
   38.2724515602800              269   40.7855266967264     
   38.6395213005506              270   40.5777098153403     
   39.0047206888886              271   40.3693116884535     
   39.3680444940847              272   40.1603689057042     
   39.7294878142361              273   39.9509176313033     
   40.0890460729178              274   39.7409935965306     
   40.4467150152866              275   39.5306320927055     
   40.8024907041209              276   39.3198679646124     
   41.1563695158024              277   39.1087356043656     
   41.5083481362417              278   38.8972689457303     
   41.8584235567533              279   38.6855014588639     
   42.2065930698831              280   38.4734661454939     
   42.5528542651925              281   38.2611955345066     
   42.8972050250031              282   38.0487216779536     
   43.2396435201046              283   37.8360761474520     
   43.5801682054317              284   37.6232900309835     
   43.9187778157106              285   37.4103939300730     
   44.2554713610812              286   37.1974179573489     
   44.5902481226974              287   36.9843917344607     
   44.9231076483075              288   36.7713443903597     
   45.2540497478207              289   36.5583045599291     
   45.5830744888601              290   36.3453003829430     
   45.9101821923066              291   36.1323595033617     
   46.2353734278368              292   35.9195090689500     
   46.5586490094574              293   35.7067757311916     
   46.8800099910381              294   35.4941856455184     
   47.1994576618478              295   35.2817644718170     
   47.5169935420941              296   35.0695373752359     
   47.8326193784713              297   34.8575290272343     
   48.1463371397164              298   34.6457636069270     
   48.4581490121787              299   34.4342648026578     
   48.7680573954026              300   34.2230558138286     
   49.0760648977271              301   34.0121593529553     
   49.3821743319037              302   33.8015976479550     
   49.6863887107353              303   33.5913924446487     
   49.9887112427371              304   33.3815650094683     
   50.2891453278223              305   33.1721361323582     
   50.5876945530136              306   32.9631261298849     
   50.8843626881825              307   32.7545548484965     
   51.1791536818190              308   32.5464416679869     
   51.4720716568309              309   32.3388055051039     
   51.7631209063768              310   32.1316648173138     
   52.0523058897326              311   31.9250376067338     
   52.3396312281932              312   31.7189414241707     
   52.6251017010108              313   31.5133933733260     
   52.9087222413707              314   31.3084101151020     
   53.1904979324066              315   31.1040078720358     
   53.4704340032550              316   30.9002024328417     
   53.7485358251505              317   30.6970091570528     
   54.0248089075640              318   30.4944429797658     
   54.2992588943819              319   30.2925184164656     
   54.5718915601301              320   30.5563123728960     
   54.8468983714861              321   31.7228541273838     
   55.1324040586326              322   33.3683472977416     
   55.4327191843123              323   35.0991936889295     
   55.7486119275126              324   36.9198206498046     
   56.0808903133609              325   38.8348851798178     
   56.4304042799792              326   40.8492858411967     
   56.7980478525500              327   42.9681752890316     
   57.1847614301513              328   45.1969734512940     
   57.5915341912129              329   47.5413813925335     
   58.0194066237457              330   50.0073958966717     
   58.4694731868158              331   52.6013248062516     
   58.9428851100721              332   55.3298031573143     
   59.4408533384879              333   58.1998101512321     
   59.9646516298490              334   61.2186870068720     
   60.5156198129108              335   64.3941557387717     
   61.0951672145598              336   67.7343389093544     
   61.7047762647440              337   71.2477804057146     
   62.3460062883954              338   74.9434672941002     
   63.0204974940423              339   78.8308528080345     
   63.7299751693146              340   82.9198805288153     
   64.4762540940739              341   87.2210098203096     
   65.2612431824567              342   91.7452425830605     
   66.0869503657043              343   96.5041513961561     
   66.9554877282697              344   101.509909118835     
   67.8690769103392              345   106.775320027577     
   68.8300547905874              346   112.313852568270     
   69.8408794637018              347   118.139673807294     
   70.9041365279675              348   124.267685669583     
   72.0225456989937              349   130.713563056418     
   73.1989677665015              350   137.493793940398     
   74.4364119119650              351   144.625721540202     
   75.7380434058269              352   152.127588682954     
   77.1071917039734              353   160.018584467751     
   78.5473589641832              354   168.318893349631     
   80.0622290043299              355   177.049746769598     
   81.6556767252563              356   186.233477462717     
   83.3317780224207              357   195.893576583258     
   85.0948202116700              358   206.054753792927     
   86.9493129958064              359   216.743000465960     
   88.9000000000000              360  0.000000000000000E+000
