  -89.4000015258789       -88.4136317249855       -87.4541507576499     
  -86.5208256235618       -85.6129433042913       -84.7298102185749     
  -83.8707516924503       -83.0351114438363       -82.2222510811624     
  -81.4315496156668       -80.6624029869883       -79.9142236016918     
  -79.1864398843735       -78.4784958410023       -77.7898506341661     
  -77.1199781698958       -76.4683666957536       -75.8345184098768     
  -75.2179490806797       -74.6181876769225       -74.0347760078647     
  -73.4672683732276       -72.9152312226997       -72.3782428247236     
  -71.8558929443123       -71.3477825296475       -70.8535234072228     
  -70.3727379852959       -69.9050589654258       -69.4501290618733     
  -69.0076007286507       -68.5771358940124       -68.1584057021831     
  -67.7510902621270       -67.3548784031651       -66.9694674372553     
  -66.5945629277520       -66.2298784644696       -65.8751354448785     
  -65.5300628612647       -65.1943970936927       -64.8678817086113     
  -64.5502672629499       -64.2413111135555       -63.9407772318240     
  -63.6484360233851       -63.3640641527023       -63.0874443724550     
  -62.8183653575708       -62.5566215437832       -62.3020129705893     
  -62.0543451284891       -61.8134288103892       -61.5790799670567     
  -61.3511195665143       -61.1293734572675       -60.9136722352610     
  -60.7038511144614       -60.4997498009684       -60.3012123705570     
  -60.1080871495589       -59.9202265989902       -59.7374872018385     
  -59.5597293534224       -59.3868172547397       -59.2186188087229     
  -59.0550055193234       -58.8958523933459       -58.7410378449594     
  -58.5904436028111       -58.4439546196724       -58.3014589845479     
  -58.1628478371805       -58.0280152848871       -57.8950967188921     
  -57.7619831300707       -57.6283773563722       -57.4942783071418     
  -57.3596848984862       -57.2245960534086       -57.0890107019440     
  -56.9529277812965       -56.8163462359766       -56.6792650179407     
  -56.5416830867311       -56.4035994096173       -56.2650129617386     
  -56.1259227262471       -55.9863276944530       -55.8462268659700     
  -55.7056192488623       -55.5645038597925       -55.4228797241706     
  -55.2807458763044       -55.1381013595506       -54.9949452264672     
  -54.8512765389668       -54.7070943684713       -54.5623977960674     
  -54.4171859126631       -54.2714578191457       -54.1252126265401     
  -53.9784494561689       -53.8311674398132       -53.6833657198741     
  -53.5350434495361       -53.3861997929305       -53.2368339253001     
  -53.0869450331658       -52.9365323144926       -52.7855949788577     
  -52.6341322476194       -52.4821433540864       -52.3296275436888     
  -52.1765840741493       -52.0230122156557       -51.8689112510345     
  -51.7142804759246       -51.5591191989528       -51.4034267419097     
  -51.2472024399260       -51.0904456416506       -50.9331557094288     
  -50.7753320194815       -50.6169739620848       -50.4580809417512     
  -50.2986523774108       -50.1386877025935       -49.9781863656118     
  -49.8171478297441       -49.6555715734196       -49.4934570904022     
  -49.3308038899767       -49.1676114971346       -49.0038794527605     
  -48.8396073138195       -48.6747946535451       -48.5094410616270     
  -48.3435461444000       -48.1771095250334       -48.0101308437202     
  -47.8426097578672       -47.6745459422857       -47.5059390893819     
  -47.3367889093482       -47.1670951303544       -46.9968574987393     
  -46.8260757792032       -46.6547497549990       -46.4828792281256     
  -46.3104640195193       -46.1375039692474       -45.9639989367000     
  -45.7899488007834       -45.6153534601123       -45.4402128332030     
  -45.2645268586660       -45.0882954953985       -44.9115187227771     
  -44.7341965408502       -44.5563289705300       -44.3779160537848     
  -44.1989578538305       -44.0194544553222       -43.8394059645452     
  -43.6588125096061       -43.4776742406225       -43.2959913299137     
  -43.1137639721893       -42.9309923847388       -42.7476768076194     
  -42.5638175038440       -42.3794147595682       -42.1944688842765     
  -42.0089802109680       -41.8229490963414       -41.6363759209786     
  -41.4492610895282       -41.2616050308873       -41.0734081983833     
  -40.8846710699536       -40.6953941483248       -40.5055779611911     
  -40.3152230613907       -40.1243300270820       -39.9328994619175     
  -39.7409319952175       -39.5484282821412       -39.3553890038577     
  -39.1618148677146       -38.9677066074053       -38.7730649831353     
  -38.5778907817860       -38.3821848170774       -38.1859479297291     
  -37.9891809876194       -37.7918848859425       -37.5940605473640     
  -37.3957089221745       -37.1968309884407       -36.9974277521555     
  -36.7975002473850       -36.5970495364140       -36.3960767098887     
  -36.1945828869579       -35.9925692154116       -35.7900368718166     
  -35.5869870616509       -35.3834210194344       -35.1793400088581     
  -34.9747453229099       -34.7696382839983       -34.5640202440734     
  -34.3578925847445       -34.1512567173957       -33.9441140832983     
  -33.7364661537203       -33.5283144300326       -33.3196604438129     
  -33.1105057569459       -32.9008519617205       -32.6907006809239     
  -32.4800535679326       -32.2689123067994       -32.0572786123383     
  -31.8451542302044       -31.6325409369718       -31.4194405402070     
  -31.2058548785389       -30.9917858217260       -30.7772352707183     
  -30.5622051577172       -30.3466974462303       -30.1307141311231     
  -29.9142572386665       -29.6973288265806       -29.4799309840741     
  -29.2620658318799       -29.0437355222868       -28.8249422391667     
  -28.6056881979981       -28.3859756458843       -28.1658068615690     
  -27.9451841554460       -27.7241098695652       -27.5025863776344     
  -27.2806160850164       -27.0582014287210       -26.8353448773939     
  -26.6120489312994       -26.3883161222995       -26.1641490138282     
  -25.9395502008608       -25.7145223098783       -25.4890679988280     
  -25.2631899570779       -25.0368909053674       -24.8101735957526     
  -24.5830408115467       -24.3554953672555       -24.1275401085081     
  -23.8991779119821       -23.6704116853247       -23.4412443670676     
  -23.2116789265376       -22.9817183637620       -22.7513657093686     
  -22.5206240244807       -22.2894964006072       -22.0579859595268     
  -21.8260958531678       -21.5938292634825       -21.3611894023155     
  -21.1281795112684       -20.8948028615577       -20.6610627538683     
  -20.4269625182012       -20.1925055137168       -19.9576951285718     
  -19.7225347797515       -19.4870279128968       -19.2511780021256     
  -19.0149885498494       -18.7784630865839       -18.5416051707550     
  -18.3044183884996       -18.0669063534601       -17.8290727065749     
  -17.5909211158631       -17.3524552762040       -17.1136789091111     
  -16.8745957625020       -16.6352096104612       -16.3955242530002     
  -16.1555435158102       -15.9152712500111       -15.6747113318950     
  -15.4338676626645       -15.1927441681664       -14.9513447986198     
  -14.7096735283400       -14.4677343554565       -14.2255313016275     
  -13.9830684117479       -13.7403497536540       -13.4973794178224     
  -13.2541615170646       -13.0107001862173       -12.7669995818270     
  -12.5230638818312       -12.2788972852343       -12.0345040117796     
  -11.7898883016160       -11.5450544149617       -11.3000066317621     
  -11.0547492513444       -10.8092865920680       -10.5636229909703     
  -10.3177628034088       -10.0717104026988       -9.82547017974822     
  -9.57904654268690       -9.33244391649372       -9.08566674261902     
  -8.83871947860377       -8.59160659769505       -8.34433258845812     
  -8.09690195438502       -7.84931921349987       -7.60158889796090     
  -7.35371555365932       -7.10570373981513       -6.85755802856987     
  -6.60928300457654       -6.36088326458658       -6.11236341703423     
  -5.86372808161814       -5.61498188888051       -5.36612947978367     
  -5.11717550528435       -4.86812462590565       -4.61898151130681     
  -4.36975083985091       -4.12043729817053       -3.87104558073160     
  -3.62158038939532       -3.37204643297851       -3.12244842681226     
  -2.87279109229913       -2.62307915646892       -2.37331735153319     
  -2.12351041443849       -1.87366308641859       -1.62378011254566     
  -1.37386624128057       -1.12392622402245      -0.873964814657473     
 -0.623986769107158      -0.373996844876149      -0.123999800599639     
  0.123999800599639       0.373996844876149       0.623986769107158     
  0.873964814657473        1.12392622402245        1.37386624128057     
   1.62378011254566        1.87366308641859        2.12351041443849     
   2.37331735153319        2.62307915646892        2.87279109229913     
   3.12244842681226        3.37204643297851        3.62158038939532     
   3.87104558073160        4.12043729817053        4.36975083985091     
   4.61898151130681        4.86812462590565        5.11717550528435     
   5.36612947978367        5.61498188888051        5.86372808161814     
   6.11236341703423        6.36088326458658        6.60928300457654     
   6.85755802856987        7.10570373981513        7.35371555365932     
   7.60158889796090        7.84931921349987        8.09690195438502     
   8.34433258845812        8.59160659769505        8.83871947860377     
   9.08566674261902        9.33244391649372        9.57904654268690     
   9.82547017974822        10.0717104026988        10.3177628034088     
   10.5636229909703        10.8092865920680        11.0547492513444     
   11.3000066317621        11.5450544149617        11.7898883016160     
   12.0345040117796        12.2788972852343        12.5230638818312     
   12.7669995818270        13.0107001862173        13.2541615170646     
   13.4973794178224        13.7403497536540        13.9830684117479     
   14.2255313016275        14.4677343554565        14.7096735283400     
   14.9513447986198        15.1927441681664        15.4338676626645     
   15.6747113318950        15.9152712500111        16.1555435158102     
   16.3955242530002        16.6352096104612        16.8745957625020     
   17.1136789091111        17.3524552762040        17.5909211158631     
   17.8290727065749        18.0669063534601        18.3044183884996     
   18.5416051707550        18.7784630865839        19.0149885498494     
   19.2511780021256        19.4870279128968        19.7225347797515     
   19.9576951285718        20.1925055137168        20.4269625182012     
   20.6610627538683        20.8948028615577        21.1281795112684     
   21.3611894023155        21.5938292634825        21.8260958531678     
   22.0579859595268        22.2894964006072        22.5206240244807     
   22.7513657093686        22.9817183637620        23.2116789265376     
   23.4412443670676        23.6704116853247        23.8991779119821     
   24.1275401085081        24.3554953672555        24.5830408115467     
   24.8101735957526        25.0368909053674        25.2631899570779     
   25.4890679988280        25.7145223098783        25.9395502008608     
   26.1641490138282        26.3883161222995        26.6120489312994     
   26.8353448773939        27.0582014287210        27.2806160850164     
   27.5025863776344        27.7241098695652        27.9451841554460     
   28.1658068615690        28.3859756458843        28.6056881979981     
   28.8249422391667        29.0437355222868        29.2620658318799     
   29.4799309840741        29.6973288265806        29.9142572386665     
   30.1307141311231        30.3466974462303        30.5622051577172     
   30.7772352707183        30.9917858217260        31.2058548785389     
   31.4194405402070        31.6325409369718        31.8451542302044     
   32.0572786123383        32.2689123067994        32.4800535679326     
   32.6907006809239        32.9008519617205        33.1105057569459     
   33.3196604438129        33.5283144300326        33.7364661537203     
   33.9441140832983        34.1512567173957        34.3578925847445     
   34.5640202440734        34.7696382839983        34.9747453229099     
   35.1793400088581        35.3834210194344        35.5869870616509     
   35.7900368718166        35.9925692154116        36.1945828869579     
   36.3960767098887        36.5970495364140        36.7975002473850     
   36.9974277521555        37.1968309884407        37.3957089221745     
   37.5940605473640        37.7918848859425        37.9891809876194     
   38.1859479297291        38.3821848170774        38.5778907817860     
   38.7730649831353        38.9677066074053        39.1618148677146     
   39.3553890038577        39.5484282821412        39.7409319952175     
   39.9328994619175        40.1243300270820        40.3152230613907     
   40.5055779611911        40.6953941483248        40.8846710699536     
   41.0734081983833        41.2616050308873        41.4492610895282     
   41.6363759209786        41.8229490963414        42.0089802109680     
   42.1944688842765        42.3794147595682        42.5638175038440     
   42.7476768076194        42.9309923847388        43.1137639721893     
   43.2959913299137        43.4776742406225        43.6588125096061     
   43.8394059645452        44.0194544553222        44.1989578538305     
   44.3779160537848        44.5563289705300        44.7341965408502     
   44.9115187227771        45.0882954953985        45.2645268586660     
   45.4402128332030        45.6153534601123        45.7899488007834     
   45.9639989367000        46.1375039692474        46.3104640195193     
   46.4828792281256        46.6547497549990        46.8260757792032     
   46.9968574987393        47.1670951303544        47.3367889093482     
   47.5059390893819        47.6745459422857        47.8426097578672     
   48.0101308437202        48.1771095250334        48.3435461444000     
   48.5094410616270        48.6747946535451        48.8396073138195     
   49.0038794527605        49.1676114971346        49.3308038899767     
   49.4934570904022        49.6555715734196        49.8171478297441     
   49.9781863656118        50.1386877025935        50.2986523774108     
   50.4580809417512        50.6169739620848        50.7753320194815     
   50.9331557094288        51.0904456416506        51.2472024399260     
   51.4034267419097        51.5591191989528        51.7142804759246     
   51.8689112510345        52.0230122156557        52.1765840741493     
   52.3296275436888        52.4821433540864        52.6341322476194     
   52.7855949788577        52.9365323144926        53.0869450331658     
   53.2368339253001        53.3861997929305        53.5350434495361     
   53.6833657198741        53.8311674398132        53.9784494561689     
   54.1252126265401        54.2714578191457        54.4171859126631     
   54.5623977960674        54.7070943684713        54.8512765389668     
   54.9949452264672        55.1381013595506        55.2807458763044     
   55.4228797241706        55.5645038597925        55.7056192488623     
   55.8462268659700        55.9863276944530        56.1259227262471     
   56.2650129617386        56.4035994096173        56.5416830867311     
   56.6792650179407        56.8163462359766        56.9529277812965     
   57.0890107019440        57.2245960534086        57.3596848984862     
   57.4942783071418        57.6283773563722        57.7619831300707     
   57.8950967188921        58.0280152848871        58.1628478371805     
   58.3014589845479        58.4439546196724        58.5904436028111     
   58.7410378449594        58.8958523933459        59.0550055193234     
   59.2186188087229        59.3868172547397        59.5597293534224     
   59.7374872018385        59.9202265989902        60.1080871495589     
   60.3012123705570        60.4997498009684        60.7038511144614     
   60.9136722352610        61.1293734572675        61.3511195665143     
   61.5790799670567        61.8134288103892        62.0543451284891     
   62.3020129705893        62.5566215437832        62.8183653575708     
   63.0874443724550        63.3640641527023        63.6484360233851     
   63.9407772318240        64.2413111135555        64.5502672629499     
   64.8678817086113        65.1943970936927        65.5300628612647     
   65.8751354448785        66.2298784644696        66.5945629277520     
   66.9694674372553        67.3548784031651        67.7510902621270     
   68.1584057021831        68.5771358940124        69.0076007286507     
   69.4501290618733        69.9050589654258        70.3727379852959     
   70.8535234072228        71.3477825296475        71.8558929443123     
   72.3782428247236        72.9152312226997        73.4672683732276     
   74.0347760078647        74.6181876769225        75.2179490806797     
   75.8345184098768        76.4683666957536        77.1199781698958     
   77.7898506341661        78.4784958410023        79.1864398843735     
   79.9142236016918        80.6624029869883        81.4315496156668     
   82.2222510811624        83.0351114438363        83.8707516924503     
   84.7298102185749        85.6129433042913        86.5208256235618     
   87.4541507576499        88.4136317249855        89.4000015258789     
