  -89.4000000000000       -88.4136301999565       -87.4541492351242     
  -86.5208241051021       -85.6129417913732       -84.7298087125905     
  -83.8707501947117       -83.0351099555790       -82.2222496035484     
  -81.4315481497875       -80.6624015338678       -79.9142221622899     
  -79.1864384595877       -78.4784944316714       -77.7898492410721     
  -77.1199767937666       -76.4683653372653       -75.8345170696561     
  -75.2179477593061       -74.6181863749303       -74.0347747257449     
  -73.4672671114302       -72.9152299816353       -72.3782416047654     
  -71.8558917457977       -71.3477813528798       -70.8535222524729     
  -70.3727368528036       -69.9050578554016       -69.4501279744997     
  -69.0075996640836       -68.5771348523821       -68.1584046835961     
  -67.7510892666669       -67.3548774308938       -66.9694664882142     
  -66.5945620019628       -66.2298775619358       -65.8751345655860     
  -65.5300620051830       -65.1943962607756       -64.8678808987978     
  -64.5502664761652       -64.2413103497117       -63.9407764908209     
  -63.6484353051108       -63.3640634570342       -63.0874436992602     
  -62.8183647067069       -62.5566209150988       -62.3020123639247     
  -62.0543445436768       -61.8134282472544       -61.5790794254181     
  -61.3511190461842       -61.1293729580525       -60.9136717569624     
  -60.7038506568757       -60.4997493638875       -60.3012119537690     
  -60.1080867528480       -59.9202262221373       -59.7374868446217     
  -59.5597290156170       -59.3868169361186       -59.2186185090571     
  -59.0550052383821       -58.8958521308967       -58.7410376007688     
  -58.5904433766445       -58.4439544112943       -58.3014587937225     
  -58.1628476636716       -58.0280151284582       -57.8950965715004     
  -57.7619829837911       -57.6283772112035       -57.4942781630825     
  -57.3596847555350       -57.2245959115640       -57.0890105612045     
  -56.9529276416606       -56.8163460974428       -56.6792648805075     
  -56.5416829503968       -56.4035992743804       -56.2650128275972     
  -56.1259225931996       -55.9863275624977       -55.8462267351052     
  -55.7056191190861       -55.5645037311031       -55.4228795965661     
  -55.2807457497829       -55.1381012341102       -54.9949451021058     
  -54.8512764156825       -54.7070942462621       -54.5623976749311     
  -54.4171857925977       -54.2714577001490       -54.1252125086099     
  -53.9784493393030       -53.8311673240094       -53.6833656051301     
  -53.5350433358496       -53.3861996802990       -53.2368338137213     
  -53.0869449226373       -52.9365322050119       -52.7855948704223     
  -52.6341321402268       -52.4821432477340       -52.3296274383740     
  -52.1765839698695       -52.0230121124082       -51.8689111488165     
  -51.7142803747335       -51.5591190987858       -51.4034266427638     
  -51.2472023417985       -51.0904455445386       -50.9331556133294     
  -50.7753319243915       -50.6169738680014       -50.4580808486714     
  -50.2986522853314       -50.1386876115115       -49.9781862755239     
  -49.8171477406473       -49.6555714853105       -49.4934570032777     
  -49.3308038038335       -49.1676114119692       -49.0038793685697     
  -48.8396072305999       -48.6747945712932       -48.5094409803393     
  -48.3435460640731       -48.1771094456636       -48.0101307653040     
  -47.8426096804010       -47.6745458657659       -47.5059390138048     
  -47.3367888347100       -47.1670950566513       -46.9968574259676     
  -46.8260757073590       -46.6547496840786       -46.4828791581249     
  -46.3104639504345       -46.1375039010745       -45.9639988694350     
  -45.7899487344222       -45.6153533946509       -45.4402127686373     
  -45.2645267949918       -45.0882954326117       -44.9115186608734     
  -44.7341964798254       -44.5563289103799       -44.3779159945049     
  -44.1989577954166       -44.0194543977699       -43.8394059078502     
  -43.6588124537638       -43.4776741856285       -43.2959912757635     
  -43.1137639188783       -42.9309923322625       -42.7476767559732     
  -42.5638174530232       -42.3794147095682       -42.1944688350926     
  -42.0089801625955       -41.8229490487755       -41.6363758742146     
  -41.4492610435611       -41.2616049857125       -41.0734081539959     
  -40.8846710263485       -40.6953941054973       -40.5055779191361     
  -40.3152230201033       -40.1243299865571       -39.9328994221502     
  -39.7409319562026       -39.5484282438736       -39.3553889663324     
  -39.1618148309264       -38.9677065713491       -38.7730649478059     
  -38.5778907471781       -38.3821847831858       -38.1859478965485     
  -37.9891809551446       -37.7918848541682       -37.5940605162849     
  -37.3957088917851       -37.1968309587357       -36.9974277231296     
  -36.7975002190327       -36.5970495087298       -36.3960766828672     
  -36.1945828605937       -35.9925691896991       -35.7900368467504     
  -35.5869870372254       -35.3834209956441       -35.1793399856974     
  -34.9747453003732       -34.7696382620802       -34.5640202227681     
  -34.3578925640464       -34.1512566972992       -33.9441140637978     
  -33.7364661348100       -33.5283144117069       -33.3196604260662     
  -33.1105057397725       -32.9008519451146       -32.6907006648799     
  -32.4800535524446       -32.2689122918619       -32.0572785979454     
  -31.8451542163504       -31.6325409236510       -31.4194405274135     
  -31.2058548662671       -30.9917858099700       -30.7772352594724     
  -30.5622051469755       -30.3466974359872       -30.1307141213727     
  -29.9142572294032       -29.6973288177985       -29.4799309757673     
  -29.2620658240427       -29.0437355149135       -28.8249422322515     
  -28.6056881915351       -28.3859756398679       -28.1658068559934     
  -27.9451841503054       -27.7241098648538       -27.5025863733466     
  -27.2806160811463       -27.0582014252630       -26.8353448743421     
  -26.6120489286482       -26.3883161200432       -26.1641490119612     
  -25.9395501993772       -25.7145223087726       -25.4890679980944     
  -25.2631899567109       -25.0368909053613       -24.8101735961019     
  -24.5830408122457       -24.3554953682987       -24.1275401098898     
  -23.8991779136969       -23.6704116873671       -23.4412443694319     
  -23.2116789292185       -22.9817183667540       -22.7513657126663     
  -22.5206240280787       -22.2894964045000       -22.0579859637092     
  -21.8260958576344       -21.5938292682279       -21.3611894073345     
  -21.1281795165558       -20.8948028671082       -20.6610627596767     
  -20.4269625242624       -20.1925055200257       -19.9576951351232     
  -19.7225347865404       -19.4870279199181       -19.2511780093744     
  -19.0149885573206       -18.7784630942727       -18.5416051786566     
  -18.3044183966090       -18.0669063617724       -17.8290727150855     
  -17.5909211245673       -17.3524552850970       -17.1136789181883     
  -16.8745957717587       -16.6352096198930       -16.3955242626025     
  -16.1555435255785       -15.9152712599410       -15.6747113419821     
  -15.4338676729045       -15.1927441785550       -14.9513448091527     
  -14.7096735390130       -14.4677343662656       -14.2255313125685     
  -13.9830684228168       -13.7403497648467       -13.4973794291351     
  -13.2541615284934       -13.0107001977583       -12.7669995934765     
  -12.5230638935854       -12.2788972970897       -12.0345040237324     
  -11.7898883136628       -11.5450544270989       -11.3000066439862     
  -11.0547492636522       -10.8092866044561       -10.5636230034354     
  -10.3177628159477       -10.0717104153085       -9.82547019242552     
  -9.57904655542882       -9.33244392929731       -9.08566675548139     
  -8.83871949152210       -8.59160661066658       -8.34433260148016     
  -8.09690196745494       -7.84931922661510       -7.60158891111894     
  -7.35371556685775       -7.10570375305158       -6.85755804184204     
  -6.60928301788220       -6.36088327792357       -6.11236343040046     
  -5.86372809501158       -5.61498190229921       -5.36612949322574     
  -5.11717551874798       -4.86812463938909       -4.61898152480839     
  -4.36975085336902       -4.12043731170364       -3.87104559427824     
  -3.62158040295411       -3.37204644654813       -3.12244844039146     
  -2.87279110588673       -2.62307917006383       -2.37331736513438     
  -2.12351042804500       -1.87366310002953       -1.62378012616022     
  -1.37386625489803       -1.12392623764213      -0.873964828278789     
 -0.623986782729591      -0.373996858499256      -0.123999814223050     
  0.123999814223050       0.373996858499256       0.623986782729591     
  0.873964828278789        1.12392623764213        1.37386625489803     
   1.62378012616022        1.87366310002953        2.12351042804500     
   2.37331736513438        2.62307917006383        2.87279110588673     
   3.12244844039146        3.37204644654813        3.62158040295411     
   3.87104559427824        4.12043731170364        4.36975085336902     
   4.61898152480839        4.86812463938909        5.11717551874798     
   5.36612949322574        5.61498190229921        5.86372809501158     
   6.11236343040046        6.36088327792357        6.60928301788220     
   6.85755804184204        7.10570375305158        7.35371556685775     
   7.60158891111894        7.84931922661510        8.09690196745494     
   8.34433260148016        8.59160661066658        8.83871949152210     
   9.08566675548139        9.33244392929731        9.57904655542882     
   9.82547019242552        10.0717104153085        10.3177628159477     
   10.5636230034354        10.8092866044561        11.0547492636522     
   11.3000066439862        11.5450544270989        11.7898883136628     
   12.0345040237324        12.2788972970897        12.5230638935854     
   12.7669995934765        13.0107001977583        13.2541615284934     
   13.4973794291351        13.7403497648467        13.9830684228168     
   14.2255313125685        14.4677343662656        14.7096735390130     
   14.9513448091527        15.1927441785550        15.4338676729045     
   15.6747113419821        15.9152712599410        16.1555435255785     
   16.3955242626025        16.6352096198930        16.8745957717587     
   17.1136789181883        17.3524552850970        17.5909211245673     
   17.8290727150855        18.0669063617724        18.3044183966090     
   18.5416051786566        18.7784630942727        19.0149885573206     
   19.2511780093744        19.4870279199181        19.7225347865404     
   19.9576951351232        20.1925055200257        20.4269625242624     
   20.6610627596767        20.8948028671082        21.1281795165558     
   21.3611894073345        21.5938292682279        21.8260958576344     
   22.0579859637092        22.2894964045000        22.5206240280787     
   22.7513657126663        22.9817183667540        23.2116789292185     
   23.4412443694319        23.6704116873671        23.8991779136969     
   24.1275401098898        24.3554953682987        24.5830408122457     
   24.8101735961019        25.0368909053613        25.2631899567109     
   25.4890679980944        25.7145223087726        25.9395501993772     
   26.1641490119612        26.3883161200432        26.6120489286482     
   26.8353448743421        27.0582014252630        27.2806160811463     
   27.5025863733466        27.7241098648538        27.9451841503054     
   28.1658068559934        28.3859756398679        28.6056881915351     
   28.8249422322515        29.0437355149135        29.2620658240427     
   29.4799309757673        29.6973288177985        29.9142572294032     
   30.1307141213727        30.3466974359872        30.5622051469755     
   30.7772352594724        30.9917858099700        31.2058548662671     
   31.4194405274135        31.6325409236510        31.8451542163504     
   32.0572785979454        32.2689122918619        32.4800535524446     
   32.6907006648799        32.9008519451146        33.1105057397725     
   33.3196604260662        33.5283144117069        33.7364661348100     
   33.9441140637978        34.1512566972992        34.3578925640464     
   34.5640202227681        34.7696382620802        34.9747453003732     
   35.1793399856974        35.3834209956441        35.5869870372254     
   35.7900368467504        35.9925691896991        36.1945828605937     
   36.3960766828672        36.5970495087298        36.7975002190327     
   36.9974277231296        37.1968309587357        37.3957088917851     
   37.5940605162849        37.7918848541682        37.9891809551446     
   38.1859478965485        38.3821847831858        38.5778907471781     
   38.7730649478059        38.9677065713491        39.1618148309264     
   39.3553889663324        39.5484282438736        39.7409319562026     
   39.9328994221502        40.1243299865571        40.3152230201033     
   40.5055779191361        40.6953941054973        40.8846710263485     
   41.0734081539959        41.2616049857125        41.4492610435611     
   41.6363758742146        41.8229490487755        42.0089801625955     
   42.1944688350926        42.3794147095682        42.5638174530232     
   42.7476767559732        42.9309923322625        43.1137639188783     
   43.2959912757635        43.4776741856285        43.6588124537638     
   43.8394059078502        44.0194543977699        44.1989577954166     
   44.3779159945049        44.5563289103799        44.7341964798254     
   44.9115186608734        45.0882954326117        45.2645267949918     
   45.4402127686373        45.6153533946509        45.7899487344222     
   45.9639988694350        46.1375039010745        46.3104639504345     
   46.4828791581249        46.6547496840786        46.8260757073590     
   46.9968574259676        47.1670950566513        47.3367888347100     
   47.5059390138048        47.6745458657659        47.8426096804010     
   48.0101307653040        48.1771094456636        48.3435460640731     
   48.5094409803393        48.6747945712932        48.8396072305999     
   49.0038793685697        49.1676114119692        49.3308038038335     
   49.4934570032777        49.6555714853105        49.8171477406473     
   49.9781862755239        50.1386876115115        50.2986522853314     
   50.4580808486714        50.6169738680014        50.7753319243915     
   50.9331556133294        51.0904455445386        51.2472023417985     
   51.4034266427638        51.5591190987858        51.7142803747335     
   51.8689111488165        52.0230121124082        52.1765839698695     
   52.3296274383740        52.4821432477340        52.6341321402268     
   52.7855948704223        52.9365322050119        53.0869449226373     
   53.2368338137213        53.3861996802990        53.5350433358496     
   53.6833656051301        53.8311673240094        53.9784493393030     
   54.1252125086099        54.2714577001490        54.4171857925977     
   54.5623976749311        54.7070942462621        54.8512764156825     
   54.9949451021058        55.1381012341102        55.2807457497829     
   55.4228795965661        55.5645037311031        55.7056191190861     
   55.8462267351052        55.9863275624977        56.1259225931996     
   56.2650128275972        56.4035992743804        56.5416829503968     
   56.6792648805075        56.8163460974428        56.9529276416606     
   57.0890105612045        57.2245959115640        57.3596847555350     
   57.4942781630825        57.6283772112035        57.7619829837911     
   57.8950965715004        58.0280151284582        58.1628476636716     
   58.3014587937225        58.4439544112943        58.5904433766445     
   58.7410376007688        58.8958521308967        59.0550052383821     
   59.2186185090571        59.3868169361186        59.5597290156170     
   59.7374868446217        59.9202262221373        60.1080867528480     
   60.3012119537690        60.4997493638875        60.7038506568757     
   60.9136717569624        61.1293729580525        61.3511190461842     
   61.5790794254181        61.8134282472544        62.0543445436768     
   62.3020123639247        62.5566209150988        62.8183647067069     
   63.0874436992602        63.3640634570342        63.6484353051108     
   63.9407764908209        64.2413103497117        64.5502664761652     
   64.8678808987978        65.1943962607756        65.5300620051830     
   65.8751345655860        66.2298775619358        66.5945620019628     
   66.9694664882142        67.3548774308938        67.7510892666669     
   68.1584046835961        68.5771348523821        69.0075996640836     
   69.4501279744997        69.9050578554016        70.3727368528036     
   70.8535222524729        71.3477813528798        71.8558917457977     
   72.3782416047654        72.9152299816353        73.4672671114302     
   74.0347747257449        74.6181863749303        75.2179477593061     
   75.8345170696561        76.4683653372653        77.1199767937666     
   77.7898492410721        78.4784944316714        79.1864384595877     
   79.9142221622899        80.6624015338678        81.4315481497875     
   82.2222496035484        83.0351099555790        83.8707501947117     
   84.7298087125905        85.6129417913732        86.5208241051021     
   87.4541492351242        88.4136301999565        89.4000000000000     
