  -89.5000000000000                1
  -88.5000000000000                2   111.111111111111     
  -87.5000000000000                3   111.111111111111     
  -86.5000000000000                4   111.111111111111     
  -85.5000000000000                5   111.111111111111     
  -84.5000000000000                6   111.111111111111     
  -83.5000000000000                7   111.111111111111     
  -82.5000000000000                8   111.111111111111     
  -81.5000000000000                9   111.111111111111     
  -80.5000000000000               10   111.111111111111     
  -79.5000000000000               11   111.111111111111     
  -78.5000000000000               12   111.111111111111     
  -77.5000000000000               13   111.111111111111     
  -76.5000000000000               14   111.111111111111     
  -75.5000000000000               15   111.111111111111     
  -74.5000000000000               16   111.111111111111     
  -73.5000000000000               17   111.111111111111     
  -72.5000000000000               18   111.111111111111     
  -71.5000000000000               19   111.111111111111     
  -70.5000000000000               20   111.111111111111     
  -69.5000000000000               21   111.111111111111     
  -68.5000000000000               22   111.111111111111     
  -67.5000000000000               23   111.111111111111     
  -66.5000000000000               24   111.111111111111     
  -65.5000000000000               25   111.111111111111     
  -64.5000000000000               26   111.111111111111     
  -63.5000000000000               27   111.111111111111     
  -62.5000000000000               28   111.111111111111     
  -61.5000000000000               29   111.111111111111     
  -60.5000000000000               30   111.111111111111     
  -59.5000000000000               31   111.111111111111     
  -58.5000000000000               32   111.111111111111     
  -57.5000000000000               33   111.111111111111     
  -56.5000000000000               34   111.111111111111     
  -55.5000000000000               35   111.111111111111     
  -54.5000000000000               36   111.111111111111     
  -53.5000000000000               37   111.111111111111     
  -52.5000000000000               38   111.111111111111     
  -51.5000000000000               39   111.111111111111     
  -50.5000000000000               40   111.111111111111     
  -49.5000000000000               41   111.111111111111     
  -48.5000000000000               42   111.111111111111     
  -47.5000000000000               43   111.111111111111     
  -46.5000000000000               44   111.111111111111     
  -45.5000000000000               45   111.111111111111     
  -44.5000000000000               46   111.111111111111     
  -43.5000000000000               47   111.111111111111     
  -42.5000000000000               48   111.111111111111     
  -41.5000000000000               49   111.111111111111     
  -40.5000000000000               50   111.111111111111     
  -39.5000000000000               51   111.111111111111     
  -38.5000000000000               52   111.111111111111     
  -37.5000000000000               53   111.111111111111     
  -36.5000000000000               54   111.111111111111     
  -35.5000000000000               55   111.111111111111     
  -34.5000000000000               56   111.111111111111     
  -33.5000000000000               57   111.111111111111     
  -32.5000000000000               58   111.111111111111     
  -31.5000000000000               59   111.111111111111     
  -30.5000000000000               60   111.111111111111     
  -29.5000000000000               61   111.111111111111     
  -28.5000000000000               62   111.111111111111     
  -27.5000000000000               63   111.111111111111     
  -26.5000000000000               64   111.111111111111     
  -25.5000000000000               65   111.111111111111     
  -24.5000000000000               66   111.111111111111     
  -23.5000000000000               67   111.111111111111     
  -22.5000000000000               68   111.111111111111     
  -21.5000000000000               69   111.111111111111     
  -20.5000000000000               70   111.111111111111     
  -19.5000000000000               71   111.111111111111     
  -18.5000000000000               72   111.111111111111     
  -17.5000000000000               73   111.111111111111     
  -16.5000000000000               74   111.111111111111     
  -15.5000000000000               75   111.111111111111     
  -14.5000000000000               76   111.111111111111     
  -13.5000000000000               77   111.111111111111     
  -12.5000000000000               78   111.111111111111     
  -11.5000000000000               79   111.111111111111     
  -10.5000000000000               80   111.111111111111     
  -9.50000000000000               81   111.111111111111     
  -8.50000000000000               82   111.111111111111     
  -7.50000000000000               83   111.111111111111     
  -6.50000000000000               84   111.111111111111     
  -5.50000000000000               85   111.111111111111     
  -4.50000000000000               86   111.111111111111     
  -3.50000000000000               87   111.111111111111     
  -2.50000000000000               88   111.111111111111     
  -1.50000000000000               89   111.111111111111     
 -0.500000000000000               90   111.111111111111     
  0.500000000000000               91   111.111111111111     
   1.50000000000000               92   111.111111111111     
   2.50000000000000               93   111.111111111111     
   3.50000000000000               94   111.111111111111     
   4.50000000000000               95   111.111111111111     
   5.50000000000000               96   111.111111111111     
   6.50000000000000               97   111.111111111111     
   7.50000000000000               98   111.111111111111     
   8.50000000000000               99   111.111111111111     
   9.50000000000000              100   111.111111111111     
   10.5000000000000              101   111.111111111111     
   11.5000000000000              102   111.111111111111     
   12.5000000000000              103   111.111111111111     
   13.5000000000000              104   111.111111111111     
   14.5000000000000              105   111.111111111111     
   15.5000000000000              106   111.111111111111     
   16.5000000000000              107   111.111111111111     
   17.5000000000000              108   111.111111111111     
   18.5000000000000              109   111.111111111111     
   19.5000000000000              110   111.111111111111     
   20.5000000000000              111   111.111111111111     
   21.5000000000000              112   111.111111111111     
   22.5000000000000              113   111.111111111111     
   23.5000000000000              114   111.111111111111     
   24.5000000000000              115   111.111111111111     
   25.5000000000000              116   111.111111111111     
   26.5000000000000              117   111.111111111111     
   27.5000000000000              118   111.111111111111     
   28.5000000000000              119   111.111111111111     
   29.5000000000000              120   111.111111111111     
   30.5000000000000              121   111.111111111111     
   31.5000000000000              122   111.111111111111     
   32.5000000000000              123   111.111111111111     
   33.5000000000000              124   111.111111111111     
   34.5000000000000              125   111.111111111111     
   35.5000000000000              126   111.111111111111     
   36.5000000000000              127   111.111111111111     
   37.5000000000000              128   111.111111111111     
   38.5000000000000              129   111.111111111111     
   39.5000000000000              130   111.111111111111     
   40.5000000000000              131   111.111111111111     
   41.5000000000000              132   111.111111111111     
   42.5000000000000              133   111.111111111111     
   43.5000000000000              134   111.111111111111     
   44.5000000000000              135   111.111111111111     
   45.5000000000000              136   111.111111111111     
   46.5000000000000              137   111.111111111111     
   47.5000000000000              138   111.111111111111     
   48.5000000000000              139   111.111111111111     
   49.5000000000000              140   111.111111111111     
   50.5000000000000              141   111.111111111111     
   51.5000000000000              142   111.111111111111     
   52.5000000000000              143   111.111111111111     
   53.5000000000000              144   111.111111111111     
   54.5000000000000              145   111.111111111111     
   55.5000000000000              146   111.111111111111     
   56.5000000000000              147   111.111111111111     
   57.5000000000000              148   111.111111111111     
   58.5000000000000              149   111.111111111111     
   59.5000000000000              150   111.111111111111     
   60.5000000000000              151   111.111111111111     
   61.5000000000000              152   111.111111111111     
   62.5000000000000              153   111.111111111111     
   63.5000000000000              154   111.111111111111     
   64.5000000000000              155   111.111111111111     
   65.5000000000000              156   111.111111111111     
   66.5000000000000              157   111.111111111111     
   67.5000000000000              158   111.111111111111     
   68.5000000000000              159   111.111111111111     
   69.5000000000000              160   111.111111111111     
   70.5000000000000              161   111.111111111111     
   71.5000000000000              162   111.111111111111     
   72.5000000000000              163   111.111111111111     
   73.5000000000000              164   111.111111111111     
   74.5000000000000              165   111.111111111111     
   75.5000000000000              166   111.111111111111     
   76.5000000000000              167   111.111111111111     
   77.5000000000000              168   111.111111111111     
   78.5000000000000              169   111.111111111111     
   79.5000000000000              170   111.111111111111     
   80.5000000000000              171   111.111111111111     
   81.5000000000000              172   111.111111111111     
   82.5000000000000              173   111.111111111111     
   83.5000000000000              174   111.111111111111     
   84.5000000000000              175   111.111111111111     
   85.5000000000000              176   111.111111111111     
   86.5000000000000              177   111.111111111111     
   87.5000000000000              178   111.111111111111     
   88.5000000000000              179   111.111111111111     
   89.5000000000000              180   111.111111111111  
