  -88.9000000000000       -86.9563788581087       -85.1223368567931     
  -83.3916960492350       -81.7586267942033       -80.2176281189828     
  -78.7635091894181       -77.3913718246565       -76.0965939976884     
  -74.8748142661092       -73.7219170806568       -72.6340189220369     
  -71.6074552193385       -70.6387680059741       -69.7246942715636     
  -68.8621549705264       -68.0482446503554       -67.2802216646386     
  -66.5554989378577       -65.8716352508582       -65.2263270176336     
  -64.6174005257264       -64.0428046141050       -63.5006037638548     
  -62.9889715784072       -62.5061846313468       -62.0506166610715     
  -61.6207330927512       -61.2150858691324       -60.8323085727762     
  -60.4711118232986       -60.1302789341090       -59.8086618140178     
  -59.5051770999056       -59.2188025074284       -58.9485733874665     
  -58.6935794767157       -58.4471359117248       -58.2009891565573     
  -57.9531249335404       -57.7035359305174       -57.4522149149223     
  -57.1991547368446       -56.9443483321441       -56.6877887256132     
  -56.4294690341905       -56.1693824702214       -55.9075223447689     
  -55.6438820709713       -55.3784551674497       -55.1112352617624     
  -54.8422160939070       -54.5713915198700       -54.2987555152218     
  -54.0243021787599       -53.7480257361952       -53.4699205438851     
  -53.1899810926099       -52.9082020113925       -52.6245780713618     
  -52.3391041896563       -52.0517754333703       -51.7625870235385     
  -51.4715343391604       -51.1786129212622       -50.8838184769947     
  -50.5871468837671       -50.2885941934145       -49.9881566363978     
  -49.6858306260346       -49.3816127627602       -49.0754998384155     
  -48.7674888405618       -48.4575769568195       -48.1457615792301     
  -47.8320403086373       -47.5164109590884       -47.1988715622507     
  -46.8794203718428       -46.5580558680778       -46.2347767621160     
  -45.9095820005249       -45.5824707697435       -45.2534425005488     
  -44.9224968725219       -44.5896338185098       -44.2548535290818     
  -43.9181564569760       -43.5795433215332       -43.2390151131164     
  -42.8965730975100       -42.5522188202984       -42.2059541112188     
  -41.8577810884844       -41.5077021630764       -41.1557200429994     
  -40.8018377374971       -40.4460585612247       -40.0883861383740     
  -39.7288244067473       -39.3673776217761       -39.0040503604807     
  -38.6388475253662       -38.2717743482518       -37.9028363940272     
  -37.5320395643343       -37.1593901011676       -36.7848945903909     
  -36.4085599651641       -36.0303935092771       -35.6504028603855     
  -35.2685960131443       -34.8849813222339       -34.4995675052749     
  -34.1123636456276       -33.7233791950695       -33.3326239763492     
  -32.9401081856091       -32.5458423946752       -32.1498375532074     
  -31.7521049907068       -31.3526564183751       -30.9515039308224     
  -30.5486600076181       -30.1441375146812       -29.7379497055054     
  -29.3301102222150       -28.9206330964478       -28.5095327500601     
  -28.0968239956507       -27.6825220368994       -27.2666424687176     
  -26.8492012772045       -26.4302148394093       -26.0096999228929     
  -25.5876736850869       -25.1641536724474       -24.7391578194002     
  -24.3127044470736       -23.8848122618188       -23.4555003535123     
  -23.0247881936406       -22.5926956331638       -22.1592429001566     
  -21.7244505972251       -21.2883396986983       -20.8509315475917     
  -20.4122478523443       -19.9723106833259       -19.5311424691157     
  -19.0887659925516       -18.6452043865492       -18.2004811296925     
  -17.7546200415947       -17.3076452780319       -16.8595813258490     
  -16.4104529976394       -15.9602854262012       -15.5091040587701     
  -15.0569346510318       -14.6038032609162       -14.1497362421762     
  -13.6947602377532       -13.2389021729334       -12.7821892482974     
  -12.3246489324679       -11.8663089546578       -11.4071972970247     
  -10.9473421868353       -10.4867720884440       -10.0255156950921     
  -9.56360192053146       -9.10105989047857       -8.63791893390513     
  -8.17420857417052       -7.70995852000262       -7.24519865633326     
  -6.77995903499501       -6.31426986528594       -5.84816150440946     
  -5.38166444779640       -4.91480931931661       -4.44762686138763     
  -3.98014792498808       -3.51240345958362       -3.04442450297325     
  -2.57624217106426       -2.10788764758370       -1.63939217373485     
  -1.17078703780692      -0.702103564746379      -0.233373105698445     
  0.233373105698445       0.702103564746379        1.17078703780692     
   1.63939217373485        2.10788764758370        2.57624217106426     
   3.04442450297325        3.51240345958362        3.98014792498808     
   4.44762686138763        4.91480931931661        5.38166444779640     
   5.84816150440946        6.31426986528594        6.77995903499501     
   7.24519865633326        7.70995852000262        8.17420857417052     
   8.63791893390513        9.10105989047857        9.56360192053146     
   10.0255156950921        10.4867720884440        10.9473421868353     
   11.4071972970247        11.8663089546578        12.3246489324679     
   12.7821892482974        13.2389021729334        13.6947602377532     
   14.1497362421762        14.6038032609162        15.0569346510318     
   15.5091040587701        15.9602854262012        16.4104529976394     
   16.8595813258490        17.3076452780319        17.7546200415947     
   18.2004811296925        18.6452043865492        19.0887659925516     
   19.5311424691157        19.9723106833259        20.4122478523443     
   20.8509315475917        21.2883396986983        21.7244505972251     
   22.1592429001566        22.5926956331638        23.0247881936406     
   23.4555003535123        23.8848122618188        24.3127044470736     
   24.7391578194002        25.1641536724474        25.5876736850869     
   26.0096999228929        26.4302148394093        26.8492012772045     
   27.2666424687176        27.6825220368994        28.0968239956507     
   28.5095327500601        28.9206330964478        29.3301102222150     
   29.7379497055054        30.1441375146812        30.5486600076181     
   30.9515039308224        31.3526564183751        31.7521049907068     
   32.1498375532074        32.5458423946752        32.9401081856091     
   33.3326239763492        33.7233791950695        34.1123636456276     
   34.4995675052749        34.8849813222339        35.2685960131443     
   35.6504028603855        36.0303935092771        36.4085599651641     
   36.7848945903909        37.1593901011676        37.5320395643343     
   37.9028363940272        38.2717743482518        38.6388475253662     
   39.0040503604807        39.3673776217761        39.7288244067473     
   40.0883861383740        40.4460585612247        40.8018377374971     
   41.1557200429994        41.5077021630764        41.8577810884844     
   42.2059541112188        42.5522188202984        42.8965730975100     
   43.2390151131164        43.5795433215332        43.9181564569760     
   44.2548535290818        44.5896338185098        44.9224968725219     
   45.2534425005488        45.5824707697435        45.9095820005249     
   46.2347767621160        46.5580558680778        46.8794203718428     
   47.1988715622507        47.5164109590884        47.8320403086373     
   48.1457615792301        48.4575769568195        48.7674888405618     
   49.0754998384155        49.3816127627602        49.6858306260346     
   49.9881566363978        50.2885941934145        50.5871468837671     
   50.8838184769947        51.1786129212622        51.4715343391604     
   51.7625870235385        52.0517754333703        52.3391041896563     
   52.6245780713618        52.9082020113925        53.1899810926099     
   53.4699205438851        53.7480257361952        54.0243021787599     
   54.2987555152218        54.5713915198700        54.8422160939070     
   55.1112352617624        55.3784551674497        55.6438820709713     
   55.9075223447689        56.1693824702214        56.4294690341905     
   56.6877887256132        56.9443483321441        57.1991547368446     
   57.4522149149223        57.7035359305174        57.9531249335404     
   58.2009891565573        58.4471359117248        58.6935794767157     
   58.9485733874665        59.2188025074284        59.5051770999056     
   59.8086618140178        60.1302789341090        60.4711118232986     
   60.8323085727762        61.2150858691324        61.6207330927512     
   62.0506166610715        62.5061846313468        62.9889715784072     
   63.5006037638548        64.0428046141050        64.6174005257264     
   65.2263270176336        65.8716352508582        66.5554989378577     
   67.2802216646386        68.0482446503554        68.8621549705264     
   69.7246942715636        70.6387680059741        71.6074552193385     
   72.6340189220369        73.7219170806568        74.8748142661092     
   76.0965939976884        77.3913718246565        78.7635091894181     
   80.2176281189828        81.7586267942033        83.3916960492350     
   85.1223368567931        86.9563788581087        88.9000000000000     
