  -89.4000015258789                1   109.596644543713     
  -88.4136317249855                2   106.608996370623     
  -87.4541507576499                3   103.702792676453     
  -86.5208256235618                4   100.875813252276     
  -85.6129433042913                5   98.1258984129391     
  -84.7298102185749                6   95.4509473471777     
  -83.8707516924503                7   92.8489165126681     
  -83.0351114438363                8   90.3178180748733     
  -82.2222510811624                9   87.8557183884049     
  -81.4315496156668               10   85.4607365198332     
  -80.6624029869883               11   83.1310428107122     
  -79.9142236016918               12   80.8648574798130     
  -79.1864398843735               13   78.6604492634650     
  -78.4784958410023               14   76.5161340929126     
  -77.7898506341661               15   74.4302738078094     
  -77.1199781698958               16   72.4012749046921     
  -76.4683666957536               17   70.4275873196486     
  -75.8345184098768               18   68.5077032441212     
  -75.2179490806797               19   66.6401559730174     
  -74.6181876769225               20   64.8235187842058     
  -74.0347760078647               21   63.0564038485678     
  -73.4672683732276               22   61.3374611697661     
  -72.9152312226997               23   59.6653775528940     
  -72.3782428247236               24   58.0388756012616     
  -71.8558929443123               25   56.4567127405269     
  -71.3477825296475               26   54.9176802694120     
  -70.8535234072228               27   53.4206024363250     
  -70.3727379852959               28   51.9643355411227     
  -69.9050589654258               29   50.5477670613885     
  -69.4501290618733               30   49.1698148025092     
  -69.0076007286507               31   47.8294260709239     
  -68.5771358940124               32   46.5255768699219     
  -68.1584057021831               33   45.2572711173502     
  -67.7510902621270               34   44.0235398846514     
  -67.3548784031651               35   42.8234406566411     
  -66.9694674372553               36   41.6560566114820     
  -66.5945629277520               37   40.5204959202637     
  -66.2298784644696               38   39.4158910656823     
  -65.8751354448785               39   38.3413981793047     
  -65.5300628612647               40   37.2961963968868     
  -65.1943970936927               41   36.2794872312691     
  -64.8678817086113               42   35.2904939623768     
  -64.5502672629499               43   34.3284610438227     
  -64.2413111135555               44   33.3926535257210     
  -63.9407772318240               45   32.4823564932165     
  -63.6484360233851               46   31.5968745203092     
  -63.3640641527023               47   30.7355311385938     
  -63.0874443724550               48   29.8976683204625     
  -62.8183653575708               49   29.0826459764012     
  -62.5566215437832               50   28.2898414659919     
  -62.3020129705893               51   27.5186491222412     
  -62.0543451284891               52   26.7684797888800     
  -61.8134288103892               53   26.0387603702744     
  -61.5790799670567               54   25.3289333936024     
  -61.3511195665143               55   24.6384565829779     
  -61.1293734572675               56   23.9668024451684     
  -60.9136722352610               57   23.3134578666170     
  -60.7038511144614               58   22.6779237214466     
  -60.4997498009684               59   22.0597144901515     
  -60.3012123705570               60   21.4583578886815     
  -60.1080871495589               61   20.8733945076350     
  -59.9202265989902               62   20.3043774612968     
  -59.7374872018385               63   19.7508720462309     
  -59.5597293534224               64   19.2124554091922     
  -59.3868172547397               65   18.6887162240860     
  -59.2186188087229               66   18.1792543777246     
  -59.0550055193234               67   17.6836806641679     
  -58.8958523933459               68   17.2016164873894     
  -58.7410378449594               69   16.7326935720327     
  -58.5904436028111               70   16.2765536820789     
  -58.4439546196724               71   15.8328483471687     
  -58.3014589845479               72   15.4012385963745     
  -58.1628478371805               73   14.9813946992623     
  -58.0280152848871               74   14.7687295549983     
  -57.8950967188921               75   14.7903987579430     
  -57.7619831300707               76   14.8450859664935     
  -57.6283773563722               77   14.8998943589349     
  -57.4942783071418               78   14.9548231839552     
  -57.3596848984862               79   15.0098716752941     
  -57.2245960534086               80   15.0650390516165     
  -57.0890107019440               81   15.1203245163940     
  -56.9529277812965               82   15.1757272577666     
  -56.8163462359766               83   15.2312464484328     
  -56.6792650179407               84   15.2868812455083     
  -56.5416830867311               85   15.3426307904172     
  -56.4035994096173               86   15.3984942087533     
  -56.2650129617386               87   15.4544706101676     
  -56.1259227262471               88   15.5105590882319     
  -55.9863276944530               89   15.5667587203286     
  -55.8462268659700               90   15.6230685675212     
  -55.7056192488623               91   15.6794876744249     
  -55.5645038597925               92   15.7360150690980     
  -55.4228797241706               93   15.7926497629085     
  -55.2807458763044               94   15.8493907504212     
  -55.1381013595506               95   15.9062370092716     
  -54.9949452264672               96   15.9631875000454     
  -54.8512765389668               97   16.0202411661656     
  -54.7070943684713               98   16.0773969337684     
  -54.5623977960674               99   16.1346537115850     
  -54.4171859126631              100   16.1920103908268     
  -54.2714578191457              101   16.2494658450672     
  -54.1252126265401              102   16.3070189301319     
  -53.9784494561689              103   16.3646684839702     
  -53.8311674398132              104   16.4224133265583     
  -53.6833657198741              105   16.4802522597769     
  -53.5350434495361              106   16.5381840672983     
  -53.3861997929305              107   16.5962075144819     
  -53.2368339253001              108   16.6543213482587     
  -53.0869450331658              109   16.7125242970264     
  -52.9365323144926              110   16.7708150705421     
  -52.7855949788577              111   16.8291923598131     
  -52.6341322476194              112   16.8876548369962     
  -52.4821433540864              113   16.9462011552892     
  -52.3296275436888              114   17.0048299488362     
  -52.1765840741493              115   17.0635398326182     
  -52.0230122156557              116   17.1223294023603     
  -51.8689112510345              117   17.1811972344318     
  -51.7142804759246              118   17.2401418857504     
  -51.5591191989528              119   17.2991618936843     
  -51.4034267419097              120   17.3582557759649     
  -51.2472024399260              121   17.4174220305948     
  -51.0904456416506              122   17.4766591357525     
  -50.9331557094288              123   17.5359655497087     
  -50.7753320194815              124   17.5953397107457     
  -50.6169739620848              125   17.6547800370644     
  -50.4580809417512              126   17.7142849267066     
  -50.2986523774108              127   17.7738527574765     
  -50.1386877025935              128   17.8334818868638     
  -49.9781863656118              129   17.8931706519600     
  -49.8171478297441              130   17.9529173693946     
  -49.6555715734196              131   18.0127203352640     
  -49.4934570904022              132   18.0725778250503     
  -49.3308038899767              133   18.1324880935713     
  -49.1676114971346              134   18.1924493749032     
  -49.0038794527605              135   18.2524598823280     
  -48.8396073138195              136   18.3125178082690     
  -48.6747946535451              137   18.3726213242355     
  -48.5094410616270              138   18.4327685807707     
  -48.3435461444000              139   18.4929577074023     
  -48.1771095250334              140   18.5531868125829     
  -48.0101308437202              141   18.6134539836623     
  -47.8426097578672              142   18.6737572868323     
  -47.6745459422857              143   18.7340947670857     
  -47.5059390893819              144   18.7944644481925     
  -47.3367889093482              145   18.8548643326511     
  -47.1670951303544              146   18.9152924016693     
  -46.9968574987393              147   18.9757466151295     
  -46.8260757792032              148   19.0362249115705     
  -46.6547497549990              149   19.0967252081633     
  -46.4828792281256              150   19.1572454006924     
  -46.3104640195193              151   19.2177833635472     
  -46.1375039692474              152   19.2783369497075     
  -45.9639989367000              153   19.3389039907406     
  -45.7899488007834              154   19.3994822967901     
  -45.6153534601123              155   19.4600696565854     
  -45.4402128332030              156   19.5206638374448     
  -45.2645268586660              157   19.5812625852751     
  -45.0882954953985              158   19.6418636245963     
  -44.9115187227771              159   19.7024646585473     
  -44.7341965408502              160   19.7630633689114     
  -44.5563289705300              161   19.8236574161367     
  -44.3779160537848              162   19.8842444393684     
  -44.1989578538305              163   19.9448220564788     
  -44.0194544553222              164   20.0053878641045     
  -43.8394059645452              165   20.0659394376817     
  -43.6588125096061              166   20.1264743315043     
  -43.4776742406225              167   20.1869900787620     
  -43.2959913299137              168   20.2474841915985     
  -43.1137639721893              169   20.3079541611702     
  -42.9309923847388              170   20.3683974577097     
  -42.7476768076194              171   20.4288115305960     
  -42.5638175038440              172   20.4891938084239     
  -42.3794147595682              173   20.5495416990781     
  -42.1944688842765              174   20.6098525898284     
  -42.0089802109680              175   20.6701238474041     
  -41.8229490963414              176   20.7303528180900     
  -41.6363759209786              177   20.7905368278279     
  -41.4492610895282              178   20.8506731823140     
  -41.2616050308873              179   20.9107591671085     
  -41.0734081983833              180   20.9707920477484     
  -40.8846710699536              181   21.0307690698646     
  -40.6953941483248              182   21.0906874593048     
  -40.5055779611911              183   21.1505444222640     
  -40.3152230613907              184   21.2103371454144     
  -40.1243300270820              185   21.2700627960511     
  -39.9328994619175              186   21.3297185222293     
  -39.7409319952175              187   21.3893014529205     
  -39.5484282821412              188   21.4488086981651     
  -39.3553890038577              189   21.5082373492355     
  -39.1618148677146              190   21.5675844788039     
  -38.9677066074053              191   21.6268471411117     
  -38.7730649831353              192   21.6860223721495     
  -38.5778907817860              193   21.7451071898477     
  -38.3821848170774              194   21.8040985942554     
  -38.1859479297291              195   21.8629935677433     
  -37.9891809876194              196   21.9217890752085     
  -37.7918848859425              197   21.9804820642737     
  -37.5940605473640              198   22.0390694655066     
  -37.3957089221745              199   22.0975481926410     
  -37.1968309884407              200   22.1559151427976     
  -36.9974277521555              201   22.2141671967190     
  -36.7975002473850              202   22.2723012190076     
  -36.5970495364140              203   22.3303140583684     
  -36.3960767098887              204   22.3882025478604     
  -36.1945828869579              205   22.4459635051472     
  -35.9925692154116              206   22.5035937327741     
  -35.7900368718166              207   22.5610900184145     
  -35.5869870616509              208   22.6184491351652     
  -35.3834210194344              209   22.6756678418146     
  -35.1793400088581              210   22.7327428831343     
  -34.9747453229099              211   22.7896709901706     
  -34.7696382839983              212   22.8464488805492     
  -34.5640202440734              213   22.9030732587706     
  -34.3578925847445              214   22.9595408165319     
  -34.1512567173957              215   23.0158482330406     
  -33.9441140832983              216   23.0719921753383     
  -33.7364661537203              217   23.1279692986317     
  -33.5283144300326              218   23.1837762466311     
  -33.3196604438129              219   23.2394096518891     
  -33.1105057569459              220   23.2948661361571     
  -32.9008519617205              221   23.3501423107296     
  -32.6907006809239              222   23.4052347768170     
  -32.4800535679326              223   23.4601401259024     
  -32.2689123067994              224   23.5148549401253     
  -32.0572786123383              225   23.5693757926521     
  -31.8451542302044              226   23.6236992480671     
  -31.6325409369718              227   23.6778218627624     
  -31.4194405402070              228   23.7317401853367     
  -31.2058548785389              229   23.7854507569955     
  -30.9917858217260              230   23.8389501119652     
  -30.7772352707183              231   23.8922347779034     
  -30.5622051577172              232   23.9453012763238     
  -30.3466974462303              233   23.9981461230217     
  -30.1307141311231              234   24.0507658285034     
  -29.9142572386665              235   24.1031568984312     
  -29.6973288265806              236   24.1553158340607     
  -29.4799309840741              237   24.2072391326909     
  -29.2620658318799              238   24.2589232881230     
  -29.0437355222868              239   24.3103647911155     
  -28.8249422391667              240   24.3615601298536     
  -28.6056881979981              241   24.4125057904160     
  -28.3859756458843              242   24.4631982572546     
  -28.1658068615690              243   24.5136340136721     
  -27.9451841554460              244   24.5638095423095     
  -27.7241098695652              245   24.6137213256377     
  -27.5025863776344              246   24.6633658464519     
  -27.2806160850164              247   24.7127395883714     
  -27.0582014287210              248   24.7618390363474     
  -26.8353448773939              249   24.8106606771709     
  -26.6120489312994              250   24.8592009999851     
  -26.3883161222995              251   24.9074564968078     
  -26.1641490138282              252   24.9554236630516     
  -25.9395502008608              253   25.0030989980511     
  -25.7145223098783              254   25.0504790055939     
  -25.4890679988280              255   25.0975601944568     
  -25.2631899570779              256   25.1443390789411     
  -25.0368909053674              257   25.1908121794193     
  -24.8101735957526              258   25.2369760228765     
  -24.5830408115467              259   25.2828271434645     
  -24.3554953672555              260   25.3283620830500     
  -24.1275401085081              261   25.3735773917726     
  -23.8991779119821              262   25.4184696286022     
  -23.6704116853247              263   25.4630353619052     
  -23.4412443670676              264   25.5072711699995     
  -23.2116789265376              265   25.5511736417336     
  -22.9817183637620              266   25.5947393770440     
  -22.7513657093686              267   25.6379649875381     
  -22.5206240244807              268   25.6808470970592     
  -22.2894964006072              269   25.7233823422669     
  -22.0579859595268              270   25.7655673732163     
  -21.8260958531678              271   25.8073988539320     
  -21.5938292634825              272   25.8488734629946     
  -21.3611894023155              273   25.8899878941195     
  -21.1281795112684              274   25.9307388567440     
  -20.8948028615577              275   25.9711230766067     
  -20.6610627538683              276   26.0111372963377     
  -20.4269625182012              277   26.0507782760438     
  -20.1925055137168              278   26.0900427938924     
  -19.9576951285718              279   26.1289276467009     
  -19.7225347797515              280   26.1674296505245     
  -19.4870279128968              281   26.2055456412406     
  -19.2511780021256              282   26.2432724751381     
  -19.0149885498494              283   26.2806070295017     
  -18.7784630865839              284   26.3175462032016     
  -18.5416051707550              285   26.3540869172721     
  -18.3044183884996              286   26.3902261155044     
  -18.0669063534601              287   26.4259607650210     
  -17.8290727065749              288   26.4612878568637     
  -17.5909211158631              289   26.4962044065709     
  -17.3524552762040              290   26.5307074547572     
  -17.1136789091111              291   26.5647940676877     
  -16.8745957625020              292   26.5984613378577     
  -16.6352096104612              293   26.6317063845566     
  -16.3955242530002              294   26.6645263544463     
  -16.1555435158102              295   26.6969184221221     
  -15.9152712500111              296   26.7288797906795     
  -15.6747113318950              297   26.7604076922739     
  -15.4338676626645              298   26.7914993886791     
  -15.1927441681664              299   26.8221521718416     
  -14.9513447986198              300   26.8523633644298     
  -14.7096735283400              301   26.8821303203824     
  -14.4677343554565              302   26.9114504254496     
  -14.2255313016275              303   26.9403210977315     
  -13.9830684117479              304   26.9687397882130     
  -13.7403497536540              305   26.9967039812919     
  -13.4973794178224              306   27.0242111953025     
  -13.2541615170646              307   27.0512589830365     
  -13.0107001862173              308   27.0778449322562     
  -12.7669995818270              309   27.1039666662014     
  -12.5230638818312              310   27.1296218440954     
  -12.2788972852343              311   27.1548081616394     
  -12.0345040117796              312   27.1795233515037     
  -11.7898883016160              313   27.2037651838141     
  -11.5450544149617              314   27.2275314666280     
  -11.3000066317621              315   27.2508200464077     
  -11.0547492513444              316   27.2736288084860     
  -10.8092865920680              317   27.2959556775214     
  -10.5636229909703              318   27.3177986179513     
  -10.3177628034088              319   27.3391556344359     
  -10.0717104026988              320   27.3600247722921     
  -9.82547017974822              321   27.3804041179242     
  -9.57904654268690              322   27.4002917992422     
  -9.33244391649372              323   27.4196859860777     
  -9.08566674261902              324   27.4385848905838     
  -8.83871947860377              325   27.4569867676353     
  -8.59160659769505              326   27.4748899152143     
  -8.34433258845812              327   27.4922926747886     
  -8.09690195438502              328   27.5091934316835     
  -7.84931921349987              329   27.5255906154415     
  -7.60158889796090              330   27.5414827001753     
  -7.35371555365932              331   27.5568682049102     
  -7.10570373981513              332   27.5717456939169     
  -6.85755802856987              333   27.5861137770372     
  -6.60928300457654              334   27.5999711099956     
  -6.36088326458658              335   27.6133163947060     
  -6.11236341703423              336   27.6261483795651     
  -5.86372808161814              337   27.6384658597368     
  -5.61498188888051              338   27.6502676774269     
  -5.36612947978367              339   27.6615527221466     
  -5.11717550528435              340   27.6723199309667     
  -4.86812462590565              341   27.6825682887597     
  -4.61898151130681              342   27.6922968284337     
  -4.36975083985091              343   27.7015046311526     
  -4.12043729817053              344   27.7101908265481     
  -3.87104558073160              345   27.7183545929198     
  -3.62158038939532              346   27.7259951574235     
  -3.37204643297851              347   27.7331117962503     
  -3.12244842681226              348   27.7397038347925     
  -2.87279109229913              349   27.7457706478004     
  -2.62307915646892              350   27.7513116595259     
  -2.37331735153319              351   27.7563263438556     
  -2.12351041443849              352   27.7608142244334     
  -1.87366308641859              353   27.7647748747702     
  -1.62378011254566              354   27.7682079183426     
  -1.37386624128057              355   27.7711130286802     
  -1.12392622402245              356   27.7734899294420     
 -0.873964814657473              357   27.7753383944795     
 -0.623986769107158              358   27.7766582478898     
 -0.373996844876149              359   27.7774493640567     
 -0.123999800599639              360   27.5555112443643     
  0.123999800599639              361   27.7774493640567     
  0.373996844876149              362   27.7766582478898     
  0.623986769107158              363   27.7753383944795     
  0.873964814657473              364   27.7734899294420     
   1.12392622402245              365   27.7711130286802     
   1.37386624128057              366   27.7682079183426     
   1.62378011254566              367   27.7647748747702     
   1.87366308641859              368   27.7608142244334     
   2.12351041443849              369   27.7563263438556     
   2.37331735153319              370   27.7513116595259     
   2.62307915646892              371   27.7457706478004     
   2.87279109229913              372   27.7397038347925     
   3.12244842681226              373   27.7331117962503     
   3.37204643297851              374   27.7259951574235     
   3.62158038939532              375   27.7183545929198     
   3.87104558073160              376   27.7101908265481     
   4.12043729817053              377   27.7015046311526     
   4.36975083985091              378   27.6922968284337     
   4.61898151130681              379   27.6825682887597     
   4.86812462590565              380   27.6723199309667     
   5.11717550528435              381   27.6615527221466     
   5.36612947978367              382   27.6502676774269     
   5.61498188888051              383   27.6384658597368     
   5.86372808161814              384   27.6261483795651     
   6.11236341703423              385   27.6133163947060     
   6.36088326458658              386   27.5999711099956     
   6.60928300457654              387   27.5861137770372     
   6.85755802856987              388   27.5717456939169     
   7.10570373981513              389   27.5568682049102     
   7.35371555365932              390   27.5414827001753     
   7.60158889796090              391   27.5255906154415     
   7.84931921349987              392   27.5091934316835     
   8.09690195438502              393   27.4922926747886     
   8.34433258845812              394   27.4748899152143     
   8.59160659769505              395   27.4569867676353     
   8.83871947860377              396   27.4385848905838     
   9.08566674261902              397   27.4196859860777     
   9.33244391649372              398   27.4002917992422     
   9.57904654268690              399   27.3804041179242     
   9.82547017974822              400   27.3600247722921     
   10.0717104026988              401   27.3391556344359     
   10.3177628034088              402   27.3177986179513     
   10.5636229909703              403   27.2959556775214     
   10.8092865920680              404   27.2736288084860     
   11.0547492513444              405   27.2508200464077     
   11.3000066317621              406   27.2275314666280     
   11.5450544149617              407   27.2037651838141     
   11.7898883016160              408   27.1795233515037     
   12.0345040117796              409   27.1548081616394     
   12.2788972852343              410   27.1296218440954     
   12.5230638818312              411   27.1039666662014     
   12.7669995818270              412   27.0778449322562     
   13.0107001862173              413   27.0512589830365     
   13.2541615170646              414   27.0242111953025     
   13.4973794178224              415   26.9967039812919     
   13.7403497536540              416   26.9687397882130     
   13.9830684117479              417   26.9403210977315     
   14.2255313016275              418   26.9114504254496     
   14.4677343554565              419   26.8821303203824     
   14.7096735283400              420   26.8523633644298     
   14.9513447986198              421   26.8221521718416     
   15.1927441681664              422   26.7914993886791     
   15.4338676626645              423   26.7604076922739     
   15.6747113318950              424   26.7288797906795     
   15.9152712500111              425   26.6969184221221     
   16.1555435158102              426   26.6645263544463     
   16.3955242530002              427   26.6317063845566     
   16.6352096104612              428   26.5984613378577     
   16.8745957625020              429   26.5647940676877     
   17.1136789091111              430   26.5307074547572     
   17.3524552762040              431   26.4962044065709     
   17.5909211158631              432   26.4612878568637     
   17.8290727065749              433   26.4259607650210     
   18.0669063534601              434   26.3902261155044     
   18.3044183884996              435   26.3540869172721     
   18.5416051707550              436   26.3175462032016     
   18.7784630865839              437   26.2806070295017     
   19.0149885498494              438   26.2432724751381     
   19.2511780021256              439   26.2055456412406     
   19.4870279128968              440   26.1674296505245     
   19.7225347797515              441   26.1289276467009     
   19.9576951285718              442   26.0900427938924     
   20.1925055137168              443   26.0507782760438     
   20.4269625182012              444   26.0111372963377     
   20.6610627538683              445   25.9711230766067     
   20.8948028615577              446   25.9307388567440     
   21.1281795112684              447   25.8899878941195     
   21.3611894023155              448   25.8488734629946     
   21.5938292634825              449   25.8073988539320     
   21.8260958531678              450   25.7655673732163     
   22.0579859595268              451   25.7233823422669     
   22.2894964006072              452   25.6808470970592     
   22.5206240244807              453   25.6379649875381     
   22.7513657093686              454   25.5947393770440     
   22.9817183637620              455   25.5511736417336     
   23.2116789265376              456   25.5072711699995     
   23.4412443670676              457   25.4630353619052     
   23.6704116853247              458   25.4184696286022     
   23.8991779119821              459   25.3735773917726     
   24.1275401085081              460   25.3283620830500     
   24.3554953672555              461   25.2828271434645     
   24.5830408115467              462   25.2369760228765     
   24.8101735957526              463   25.1908121794193     
   25.0368909053674              464   25.1443390789411     
   25.2631899570779              465   25.0975601944568     
   25.4890679988280              466   25.0504790055939     
   25.7145223098783              467   25.0030989980511     
   25.9395502008608              468   24.9554236630516     
   26.1641490138282              469   24.9074564968078     
   26.3883161222995              470   24.8592009999851     
   26.6120489312994              471   24.8106606771709     
   26.8353448773939              472   24.7618390363474     
   27.0582014287210              473   24.7127395883714     
   27.2806160850164              474   24.6633658464519     
   27.5025863776344              475   24.6137213256377     
   27.7241098695652              476   24.5638095423095     
   27.9451841554460              477   24.5136340136721     
   28.1658068615690              478   24.4631982572546     
   28.3859756458843              479   24.4125057904160     
   28.6056881979981              480   24.3615601298536     
   28.8249422391667              481   24.3103647911155     
   29.0437355222868              482   24.2589232881230     
   29.2620658318799              483   24.2072391326909     
   29.4799309840741              484   24.1553158340607     
   29.6973288265806              485   24.1031568984312     
   29.9142572386665              486   24.0507658285034     
   30.1307141311231              487   23.9981461230217     
   30.3466974462303              488   23.9453012763238     
   30.5622051577172              489   23.8922347779034     
   30.7772352707183              490   23.8389501119652     
   30.9917858217260              491   23.7854507569955     
   31.2058548785389              492   23.7317401853367     
   31.4194405402070              493   23.6778218627624     
   31.6325409369718              494   23.6236992480671     
   31.8451542302044              495   23.5693757926521     
   32.0572786123383              496   23.5148549401253     
   32.2689123067994              497   23.4601401259024     
   32.4800535679326              498   23.4052347768170     
   32.6907006809239              499   23.3501423107296     
   32.9008519617205              500   23.2948661361571     
   33.1105057569459              501   23.2394096518891     
   33.3196604438129              502   23.1837762466311     
   33.5283144300326              503   23.1279692986317     
   33.7364661537203              504   23.0719921753383     
   33.9441140832983              505   23.0158482330406     
   34.1512567173957              506   22.9595408165319     
   34.3578925847445              507   22.9030732587706     
   34.5640202440734              508   22.8464488805492     
   34.7696382839983              509   22.7896709901706     
   34.9747453229099              510   22.7327428831343     
   35.1793400088581              511   22.6756678418146     
   35.3834210194344              512   22.6184491351652     
   35.5869870616509              513   22.5610900184145     
   35.7900368718166              514   22.5035937327741     
   35.9925692154116              515   22.4459635051472     
   36.1945828869579              516   22.3882025478604     
   36.3960767098887              517   22.3303140583684     
   36.5970495364140              518   22.2723012190076     
   36.7975002473850              519   22.2141671967190     
   36.9974277521555              520   22.1559151427976     
   37.1968309884407              521   22.0975481926410     
   37.3957089221745              522   22.0390694655066     
   37.5940605473640              523   21.9804820642737     
   37.7918848859425              524   21.9217890752085     
   37.9891809876194              525   21.8629935677433     
   38.1859479297291              526   21.8040985942554     
   38.3821848170774              527   21.7451071898477     
   38.5778907817860              528   21.6860223721495     
   38.7730649831353              529   21.6268471411117     
   38.9677066074053              530   21.5675844788039     
   39.1618148677146              531   21.5082373492355     
   39.3553890038577              532   21.4488086981651     
   39.5484282821412              533   21.3893014529205     
   39.7409319952175              534   21.3297185222293     
   39.9328994619175              535   21.2700627960511     
   40.1243300270820              536   21.2103371454144     
   40.3152230613907              537   21.1505444222640     
   40.5055779611911              538   21.0906874593048     
   40.6953941483248              539   21.0307690698646     
   40.8846710699536              540   20.9707920477484     
   41.0734081983833              541   20.9107591671085     
   41.2616050308873              542   20.8506731823140     
   41.4492610895282              543   20.7905368278279     
   41.6363759209786              544   20.7303528180900     
   41.8229490963414              545   20.6701238474041     
   42.0089802109680              546   20.6098525898284     
   42.1944688842765              547   20.5495416990781     
   42.3794147595682              548   20.4891938084239     
   42.5638175038440              549   20.4288115305960     
   42.7476768076194              550   20.3683974577097     
   42.9309923847388              551   20.3079541611702     
   43.1137639721893              552   20.2474841915985     
   43.2959913299137              553   20.1869900787620     
   43.4776742406225              554   20.1264743315043     
   43.6588125096061              555   20.0659394376817     
   43.8394059645452              556   20.0053878641045     
   44.0194544553222              557   19.9448220564788     
   44.1989578538305              558   19.8842444393684     
   44.3779160537848              559   19.8236574161367     
   44.5563289705300              560   19.7630633689114     
   44.7341965408502              561   19.7024646585473     
   44.9115187227771              562   19.6418636245963     
   45.0882954953985              563   19.5812625852751     
   45.2645268586660              564   19.5206638374448     
   45.4402128332030              565   19.4600696565854     
   45.6153534601123              566   19.3994822967901     
   45.7899488007834              567   19.3389039907406     
   45.9639989367000              568   19.2783369497075     
   46.1375039692474              569   19.2177833635472     
   46.3104640195193              570   19.1572454006924     
   46.4828792281256              571   19.0967252081633     
   46.6547497549990              572   19.0362249115705     
   46.8260757792032              573   18.9757466151295     
   46.9968574987393              574   18.9152924016693     
   47.1670951303544              575   18.8548643326511     
   47.3367889093482              576   18.7944644481925     
   47.5059390893819              577   18.7340947670857     
   47.6745459422857              578   18.6737572868323     
   47.8426097578672              579   18.6134539836623     
   48.0101308437202              580   18.5531868125829     
   48.1771095250334              581   18.4929577074023     
   48.3435461444000              582   18.4327685807707     
   48.5094410616270              583   18.3726213242355     
   48.6747946535451              584   18.3125178082690     
   48.8396073138195              585   18.2524598823280     
   49.0038794527605              586   18.1924493749032     
   49.1676114971346              587   18.1324880935713     
   49.3308038899767              588   18.0725778250503     
   49.4934570904022              589   18.0127203352640     
   49.6555715734196              590   17.9529173693946     
   49.8171478297441              591   17.8931706519600     
   49.9781863656118              592   17.8334818868638     
   50.1386877025935              593   17.7738527574765     
   50.2986523774108              594   17.7142849267066     
   50.4580809417512              595   17.6547800370644     
   50.6169739620848              596   17.5953397107457     
   50.7753320194815              597   17.5359655497087     
   50.9331557094288              598   17.4766591357525     
   51.0904456416506              599   17.4174220305948     
   51.2472024399260              600   17.3582557759649     
   51.4034267419097              601   17.2991618936843     
   51.5591191989528              602   17.2401418857504     
   51.7142804759246              603   17.1811972344318     
   51.8689112510345              604   17.1223294023603     
   52.0230122156557              605   17.0635398326182     
   52.1765840741493              606   17.0048299488362     
   52.3296275436888              607   16.9462011552892     
   52.4821433540864              608   16.8876548369962     
   52.6341322476194              609   16.8291923598131     
   52.7855949788577              610   16.7708150705421     
   52.9365323144926              611   16.7125242970264     
   53.0869450331658              612   16.6543213482587     
   53.2368339253001              613   16.5962075144819     
   53.3861997929305              614   16.5381840672983     
   53.5350434495361              615   16.4802522597769     
   53.6833657198741              616   16.4224133265583     
   53.8311674398132              617   16.3646684839702     
   53.9784494561689              618   16.3070189301319     
   54.1252126265401              619   16.2494658450672     
   54.2714578191457              620   16.1920103908268     
   54.4171859126631              621   16.1346537115850     
   54.5623977960674              622   16.0773969337684     
   54.7070943684713              623   16.0202411661656     
   54.8512765389668              624   15.9631875000454     
   54.9949452264672              625   15.9062370092716     
   55.1381013595506              626   15.8493907504212     
   55.2807458763044              627   15.7926497629085     
   55.4228797241706              628   15.7360150690980     
   55.5645038597925              629   15.6794876744249     
   55.7056192488623              630   15.6230685675212     
   55.8462268659700              631   15.5667587203286     
   55.9863276944530              632   15.5105590882319     
   56.1259227262471              633   15.4544706101676     
   56.2650129617386              634   15.3984942087533     
   56.4035994096173              635   15.3426307904172     
   56.5416830867311              636   15.2868812455083     
   56.6792650179407              637   15.2312464484328     
   56.8163462359766              638   15.1757272577666     
   56.9529277812965              639   15.1203245163940     
   57.0890107019440              640   15.0650390516165     
   57.2245960534086              641   15.0098716752941     
   57.3596848984862              642   14.9548231839552     
   57.4942783071418              643   14.8998943589349     
   57.6283773563722              644   14.8450859664935     
   57.7619831300707              645   14.7903987579430     
   57.8950967188921              646   14.7687295549983     
   58.0280152848871              647   14.9813946992623     
   58.1628478371805              648   15.4012385963745     
   58.3014589845479              649   15.8328483471687     
   58.4439546196724              650   16.2765536820789     
   58.5904436028111              651   16.7326935720327     
   58.7410378449594              652   17.2016164873894     
   58.8958523933459              653   17.6836806641679     
   59.0550055193234              654   18.1792543777246     
   59.2186188087229              655   18.6887162240860     
   59.3868172547397              656   19.2124554091922     
   59.5597293534224              657   19.7508720462309     
   59.7374872018385              658   20.3043774612968     
   59.9202265989902              659   20.8733945076350     
   60.1080871495589              660   21.4583578886815     
   60.3012123705570              661   22.0597144901515     
   60.4997498009684              662   22.6779237214466     
   60.7038511144614              663   23.3134578666170     
   60.9136722352610              664   23.9668024451684     
   61.1293734572675              665   24.6384565829779     
   61.3511195665143              666   25.3289333936024     
   61.5790799670567              667   26.0387603702744     
   61.8134288103892              668   26.7684797888800     
   62.0543451284891              669   27.5186491222412     
   62.3020129705893              670   28.2898414659919     
   62.5566215437832              671   29.0826459764012     
   62.8183653575708              672   29.8976683204625     
   63.0874443724550              673   30.7355311385938     
   63.3640641527023              674   31.5968745203092     
   63.6484360233851              675   32.4823564932165     
   63.9407772318240              676   33.3926535257210     
   64.2413111135555              677   34.3284610438227     
   64.5502672629499              678   35.2904939623768     
   64.8678817086113              679   36.2794872312691     
   65.1943970936927              680   37.2961963968868     
   65.5300628612647              681   38.3413981793047     
   65.8751354448785              682   39.4158910656823     
   66.2298784644696              683   40.5204959202637     
   66.5945629277520              684   41.6560566114820     
   66.9694674372553              685   42.8234406566411     
   67.3548784031651              686   44.0235398846514     
   67.7510902621270              687   45.2572711173502     
   68.1584057021831              688   46.5255768699219     
   68.5771358940124              689   47.8294260709239     
   69.0076007286507              690   49.1698148025092     
   69.4501290618733              691   50.5477670613885     
   69.9050589654258              692   51.9643355411227     
   70.3727379852959              693   53.4206024363250     
   70.8535234072228              694   54.9176802694120     
   71.3477825296475              695   56.4567127405269     
   71.8558929443123              696   58.0388756012616     
   72.3782428247236              697   59.6653775528940     
   72.9152312226997              698   61.3374611697661     
   73.4672683732276              699   63.0564038485678     
   74.0347760078647              700   64.8235187842058     
   74.6181876769225              701   66.6401559730174     
   75.2179490806797              702   68.5077032441212     
   75.8345184098768              703   70.4275873196486     
   76.4683666957536              704   72.4012749046921     
   77.1199781698958              705   74.4302738078094     
   77.7898506341661              706   76.5161340929126     
   78.4784958410023              707   78.6604492634650     
   79.1864398843735              708   80.8648574798130     
   79.9142236016918              709   83.1310428107122     
   80.6624029869883              710   85.4607365198332     
   81.4315496156668              711   87.8557183884049     
   82.2222510811624              712   90.3178180748733     
   83.0351114438363              713   92.8489165126681     
   83.8707516924503              714   95.4509473471777     
   84.7298102185749              715   98.1258984129391     
   85.6129433042913              716   100.875813252276     
   86.5208256235618              717   103.702792676453     
   87.4541507576499              718   106.608996370623     
   88.4136317249855              719   109.596644543713     
   89.4000015258789              720  0.000000000000000E+000
