  -88.9000015258789       -86.9754603671709       -85.1961428543179     
  -83.5510905792753       -82.0301720427723       -80.6240202567334     
  -79.3239750551497       -78.1220297581047       -77.0107818604712     
  -75.9833874415813       -75.0335190150907       -74.1553265594430     
  -73.3434014889299       -72.5927433434536       -71.8987289918414     
  -71.2570841590419       -70.6638571018464       -70.1153942710100     
  -69.6083178098803       -69.1395047509539       -68.7060677822367     
  -68.3053374649519       -67.9348457930801       -67.5923109934760     
  -67.2756234729523       -66.9828328257790       -66.7121358215825     
  -66.4618652996639       -66.2304799013388       -66.0165545770632     
  -65.8187718098804       -65.6359135011369       -65.4668534684917     
  -65.3105505100187       -65.1660419916826       -65.0324379186970     
  -64.9089154542508       -64.7947138518452       -64.6891297700308     
  -64.5915129406890       -64.5012621641800       -64.4178216066920     
  -64.3406773769889       -64.2693543614715       -64.2034132980625     
  -64.1424480708919       -64.0858466426685       -64.0311650051086     
  -63.9763760106237       -63.9214794986371       -63.8664753086518     
  -63.8113632802523       -63.7561432531074       -63.7008150669725     
  -63.6453785616922       -63.5898335772029       -63.5341799535350     
  -63.4784175308157       -63.4225461492716       -63.3665656492309     
  -63.3104758711264       -63.2542766554979       -63.1979678429947     
  -63.1415492743785       -63.0850207905257       -63.0283822324305     
  -62.9716334412070       -62.9147742580925       -62.8578045244498     
  -62.8007240817700       -62.7435327716752       -62.6862304359214     
  -62.6288169164011       -62.5712920551464       -62.5136556943312     
  -62.4559076762746       -62.3980478434434       -62.3400760384552     
  -62.2819921040809       -62.2237958832480       -62.1654872190430     
  -62.1070659547148       -62.0485319336775       -61.9898849995129     
  -61.9311249959743       -61.8722517669886       -61.8132651566599     
  -61.7541650092722       -61.6949511692925       -61.6356234813740     
  -61.5761817903589       -61.5166259412816       -61.4569557793718     
  -61.3971711500577       -61.3372718989687       -61.2772578719393     
  -61.2171289150115       -61.1568848744384       -61.0965255966873     
  -61.0360509284427       -60.9754607166100       -60.9147548083182     
  -60.8539330509237       -60.7929952920130       -60.7319413794065     
  -60.6707711611614       -60.6094844855754       -60.5480812011898     
  -60.4865611567928       -60.4249242014233       -60.3631701843737     
  -60.3012989551938       -60.2393103636939       -60.1772042599485     
  -60.1149804942997       -60.0526389173604       -59.9901793800183     
  -59.9276017334390       -59.8649058290698       -59.8020915186430     
  -59.7391586541797       -59.6761070879931       -59.6129366726927     
  -59.5496472611872       -59.4862387066884       -59.4227108627151     
  -59.3590635830966       -59.2952967219762       -59.2314101338151     
  -59.1674036733964       -59.1032771958281       -59.0390305565477     
  -58.9746636113254       -58.9101762162680       -58.8455682278232     
  -58.7808395027826       -58.7159898982861       -58.6510192718258     
  -58.5859274812497       -58.5207143847655       -58.4553798409447     
  -58.3899237087266       -58.3243458474222       -58.2586461167178     
  -58.1928243766798       -58.1268804877577       -58.0608143107892     
  -57.9946257070032       -57.9283145380248       -57.8618806658785     
  -57.7953239529931       -57.7286442622053       -57.6618414567640     
  -57.5949154003345       -57.5278659570024       -57.4606929912783     
  -57.3933963681015       -57.3259759528444       -57.2584316113169     
  -57.1907632097703       -57.1229706149020       -57.0550536938594     
  -56.9870123142447       -56.9188463441185       -56.8505556520049     
  -56.7821401068952       -56.7135995782530       -56.6449339360180     
  -56.5761430506104       -56.5072267929361       -56.4381850343900     
  -56.3690176468615       -56.2997245027383       -56.2303054749114     
  -56.1607604367792       -56.0910892622522       -56.0212918257577     
  -55.9513680022441       -55.8813176671859       -55.8111406965877     
  -55.7408369669893       -55.6704063554704       -55.5998487396548     
  -55.5291639977154       -55.4583520083790       -55.3874126509305     
  -55.3163458052185       -55.2451513516590       -55.1738291712409     
  -55.1023791455306       -55.0308011566766       -54.9590950874147     
  -54.8872608210723       -54.8152982415738       -54.7432072334450     
  -54.6709876818181       -54.5986394724371       -54.5261624916618     
  -54.4535566264734       -54.3808217644793       -54.3079577939179     
  -54.2349646036638       -54.1618420832327       -54.0885901227861     
  -54.0152086131371       -53.9416974457545       -53.8680565127686     
  -53.7942857069759       -53.7203849218442       -53.6463540515179     
  -53.5721929908230       -53.4979016352721       -53.4234798810699     
  -53.3489276251179       -53.2742447650201       -53.1994311990877     
  -53.1244868263447       -53.0494115465330       -52.9742052601175     
  -52.8988678682915       -52.8233992729821       -52.7477993768551     
  -52.6720680833208       -52.5962052965387       -52.5202109214237     
  -52.4440848636504       -52.3678270296594       -52.2914373266620     
  -52.2149156626461       -52.1382619463811       -52.0614760874237     
  -51.9845579961234       -51.9075075836274       -51.8303247618866     
  -51.7530094436609       -51.6755615425245       -51.5979809728719     
  -51.5202676499227       -51.4424214897276       -51.3644424091741     
  -51.2863303259913       -51.2080851587564       -51.1297068268995     
  -51.0511952507097       -50.9725503513405       -50.8937720508152     
  -50.8148602720330       -50.7358149387742       -50.6566359757061     
  -50.5773233083887       -50.4978768632799       -50.4182965677419     
  -50.3385823500463       -50.2587341393801       -50.1787518658514     
  -50.0986354604949       -50.0183848552779       -49.9379999831061     
  -49.8574807778289       -49.7768271742457       -49.6960391081113     
  -49.6151165161420       -49.5340593360210       -49.4528675064047     
  -49.3715409669279       -49.2900796582104       -49.2084835218620     
  -49.1267525004889       -49.0448865376995       -48.9628855781101     
  -48.8807495673507       -48.7984784520710       -48.7160721799464     
  -48.6335306996837       -48.5508539610270       -48.4680419147638     
  -48.3850945127307       -48.3020117078193       -48.2187934539823     
  -48.1354397062395       -48.0519504206833       -47.9683255544851     
  -47.8845650659012       -47.8006689142783       -47.7166370600601     
  -47.6324694647928       -47.5481660911314       -47.4637269028454     
  -47.3791518648249       -47.2944409430865       -47.2095941047796     
  -47.1246113181919       -47.0394925527558       -46.9542377790544     
  -46.8688469688269       -46.7833200949757       -46.6976571315713     
  -46.6118580538589       -46.5259228382644       -46.4398514624004     
  -46.3536439050719       -46.2673001462826       -46.1808201672412     
  -46.0942039503667       -46.0074514792952       -45.9205627388851     
  -45.8335377152240       -45.7463763956341       -45.6590787686785     
  -45.5716448241670       -45.4840745531626       -45.3963679479868     
  -45.3085250022262       -45.2205457107384       -45.1324300696579     
  -45.0441780764021       -44.9557897296774       -44.8672650294852     
  -44.7786039771279       -44.6898065752150       -44.6008728276689     
  -44.5118027397308       -44.4225963179673       -44.3332535702757     
  -44.2437745058903       -44.1541591353884       -44.0644074706960     
  -43.9745195250944       -43.8844953132253       -43.7943348510974     
  -43.7040381560923       -43.6136052469698       -43.5230361438749     
  -43.4323308683427       -43.3414894433051       -43.2505118930960     
  -43.1593982434580       -43.0681485215476       -42.9767627559415     
  -42.8852409766421       -42.7935832150839       -42.7017895041389     
  -42.6098598781226       -42.5177943728000       -42.4255930253910     
  -42.3332558745766       -42.2407829605047       -42.1481743247956     
  -42.0554300105480       -41.9625500623446       -41.8695345262581     
  -41.7763834498568       -41.6830968822101       -41.5896748738947     
  -41.4961174769999       -41.4024247451332       -41.3085967334265     
  -41.2146334985412       -41.1205350986740       -41.0263015935627     
  -40.9319330444915       -40.8374295142969       -40.7427910673730     
  -40.6480177696772       -40.5531096887354       -40.4580668936483     
  -40.3628894550959       -40.2675774453437       -40.1721309382478     
  -40.0765500092604       -39.9808347354354       -39.8849851954334     
  -39.7890014695274       -39.6928836396082       -39.5966317891892     
  -39.5002460034123       -39.4037263690531       -39.3070729745257     
  -39.2102859098883       -39.1133652668485       -39.0163111387682     
  -38.9191236206689       -38.8218028092369       -38.7243488028281     
  -38.6267617014736       -38.5290416068843       -38.4311886224560     
  -38.3332028532747       -38.2350844061212       -38.1368333894764     
  -38.0384499135257       -37.9399340901645       -37.8412860330027     
  -37.7425058573695       -37.6435936803184       -37.5445496206318     
  -37.4453737988258       -37.3460663371549       -37.2466273596166     
  -37.1470569919564       -37.0473553616718       -36.9475225980172     
  -36.8475588320087       -36.7474641964281       -36.6472388258276     
  -36.5468828565345       -36.4463964266550       -36.3457796760792     
  -36.2450327464849       -36.1441557813424       -36.0431489259183     
  -35.9420123272799       -35.8407461342995       -35.7393504976584     
  -35.6378255698509       -35.5361715051887       -35.4343884598045     
  -35.3324765916563       -35.2304360605314       -35.1282670280500     
  -35.0259696576690       -34.9235441146864       -34.8209905662445     
  -34.7183091813339       -34.6155001307970       -34.5125635873319     
  -34.4094997254959       -34.3063087217089       -34.2029907542572     
  -34.0995460032965       -33.9959746508561       -33.8922768808415     
  -33.7884528790380       -33.6845028331142       -33.5804269326251     
  -33.4762253690149       -33.3718983356208       -33.2674460276757     
  -33.1628686423113       -33.0581663785610       -32.9533394373630     
  -32.8483880215632       -32.7433123359178       -32.6381125870965     
  -32.5327889836847       -32.4273417361867       -32.3217710570279     
  -32.2160771605578       -32.1102602630521       -32.0043205827154     
  -31.8982583396837       -31.7920737560266       -31.6857670557495     
  -31.5793384647961       -31.4727882110506       -31.3661165243395     
  -31.2593236364342       -31.1524097810523       -31.0453751938603     
  -30.9382201124752       -30.8309447764663       -30.7235494273568     
  -30.6160343086261       -30.5083996657109       -30.4006457460071     
  -30.2927727988714       -30.1847810756225       -30.0766708295428     
  -29.9684423158795       -29.8600957918464       -29.7516315166244     
  -29.6430497513633       -29.5343507591827       -29.4255348051730     
  -29.3166021563965       -29.2075530818880       -29.0983878526561     
  -28.9891067416839       -28.8797100239293       -28.7701979763263     
  -28.6605708777850       -28.5508290091926       -28.4409726534134     
  -28.3310020952898       -28.2209176216420       -28.1107195212686     
  -28.0004080849466       -27.8899836054318       -27.7794463774585     
  -27.6687966977399       -27.5580348649674       -27.4471611798112     
  -27.3361759449194       -27.2250794649179       -27.1138720464104     
  -27.0025539979774       -26.8911256301759       -26.7795872555391     
  -26.6679391885753       -26.5561817457673       -26.4443152455717     
  -26.3323400084179       -26.2202563567073       -26.1080646148122     
  -25.9957651090745       -25.8833581678047       -25.7708441212809     
  -25.6582233017469       -25.5454960434113       -25.4326626824457     
  -25.3197235569835       -25.2066790071177       -25.0935293748999     
  -24.9802750043379       -24.8669162413942       -24.7534534339839     
  -24.6398869319729       -24.5262170871755       -24.4124442533525     
  -24.2985687862086       -24.1845910433905       -24.0705113844844     
  -23.9563301710132       -23.8420477664342       -23.7276645361366     
  -23.6131808474384       -23.4985970695838       -23.3839135737404     
  -23.2691307329961       -23.1542489223562       -23.0392685187401     
  -22.9241899009782       -22.8090134498087       -22.6937395478741     
  -22.5783685797176       -22.4629009317803       -22.3473369923965     
  -22.2316771517910       -22.1159218020748       -22.0000713372414     
  -21.8841261531627       -21.7680866475855       -21.6519532201266     
  -21.5357262722694       -21.4194062073593       -21.3029934305991     
  -21.1864883490452       -21.0698913716025       -20.9532029090202     
  -20.8364233738870       -20.7195531806263       -20.6025927454914     
  -20.4855424865607       -20.3684028237325       -20.2511741787200     
  -20.1338569750463       -20.0164516380390       -19.8989585948247     
  -19.7813782743239       -19.6637111072456       -19.5459575260811     
  -19.4281179650990       -19.3101928603392       -19.1921826496070     
  -19.0740877724675       -18.9559086702390       -18.8376457859878     
  -18.7192995645211       -18.6008704523817       -18.4823588978408     
  -18.3637653508924       -18.2450902632461       -18.1263340883211     
  -18.0074972812393       -17.8885802988184       -17.7695835995657     
  -17.6505076436704       -17.5313528929974       -17.4121198110795     
  -17.2928088631109       -17.1734205159397       -17.0539552380607     
  -16.9344134996077       -16.8147957723466       -16.6951025296675     
  -16.5753342465770       -16.4554913996908       -16.3355744672258     
  -16.2155839289920       -16.0955202663851       -15.9753839623779     
  -15.8551755015126       -15.7348953698924       -15.6145440551735     
  -15.4941220465566       -15.3736298347783       -15.2530679121031     
  -15.1324367723143       -15.0117369107057       -14.8909688240730     
  -14.7701330107046       -14.6492299703728       -14.5282602043254     
  -14.4072242152758       -14.2861225073948       -14.1649555863006     
  -14.0437239590502       -13.9224281341296       -13.8010686214449     
  -13.6796459323124       -13.5581605794490       -13.4366130769632     
  -13.3150039403446       -13.1933336864548       -13.0716028335172     
  -12.9498119011072       -12.8279614101420       -12.7060518828711     
  -12.5840838428656       -12.4620578150084       -12.3399743254837     
  -12.2178339017667       -12.0956370726133       -11.9733843680497     
  -11.8510763193616       -11.7287134590839       -11.6062963209898     
  -11.4838254400800       -11.3613013525724       -11.2387245958907     
  -11.1160957086535       -10.9934152306637       -10.8706837028970     
  -10.7479016674911       -10.6250696677344       -10.5021882480545     
  -10.3792579540074       -10.2562793322656       -10.1332529306071     
  -10.0101792979036       -9.88705898410894       -9.76389254024786     
  -9.64068051840389       -9.51742347170781       -9.39412195432586     
  -9.27077652144785       -9.14738772927529       -9.02395613500941     
  -8.90048229683916       -8.77696677392912       -8.65341012640738     
  -8.52981291535339       -8.40617570278568       -8.28249905164962     
  -8.15878352580505       -8.03502969001393       -7.91123810992788     
  -7.78740935207568       -7.66354398385077       -7.53964257349863     
  -7.41570569010419       -7.29173390357910       -7.16772778464904     
  -7.04368790484093       -6.91961483647012       -6.79550915262754     
  -6.67137142716676       -6.54720223469109       -6.42300215054054     
  -6.29877175077882       -6.17451161218025       -6.05022231221665     
  -5.92590442904419       -5.80155854149020       -5.67718522903992     
  -5.55278507182324       -5.42835865060142       -5.30390654675370     
  -5.17942934226397       -5.05492761970733       -4.93040196223666     
  -4.80585295356912       -4.68128117797268       -4.55668722025251     
  -4.43207166573751       -4.30743510026658       -4.18277811017511     
  -4.05810128228124       -3.93340520387218       -3.80869046269054     
  -3.68395764692054       -3.55920734517425       -3.43444014647784     
  -3.30965664025770       -3.18485741632666       -3.06004306487009     
  -2.93521417643202       -2.81037134190127       -2.68551515249750     
  -2.56064619975725       -2.43576507552003       -2.31087237191428     
  -2.18596868134345       -2.06105459647190       -1.93613071021096     
  -1.81119761570483       -1.68625590631655       -1.56130617561394     
  -1.43634901735550       -1.31138502547634       -1.18641479407407     
  -1.06143891739469      -0.936457989818501      -0.811472605845921     
 -0.686483360083409      -0.561490847229299      -0.436495662059662     
 -0.311498399414156      -0.186499654181877      -6.150002128719984E-002
  6.150002128719984E-002  0.186499654181877       0.311498399414156     
  0.436495662059662       0.561490847229299       0.686483360083409     
  0.811472605845921       0.936457989818501        1.06143891739469     
   1.18641479407407        1.31138502547634        1.43634901735550     
   1.56130617561394        1.68625590631655        1.81119761570483     
   1.93613071021096        2.06105459647190        2.18596868134345     
   2.31087237191428        2.43576507552003        2.56064619975725     
   2.68551515249750        2.81037134190127        2.93521417643202     
   3.06004306487009        3.18485741632666        3.30965664025770     
   3.43444014647784        3.55920734517425        3.68395764692054     
   3.80869046269054        3.93340520387218        4.05810128228124     
   4.18277811017511        4.30743510026658        4.43207166573751     
   4.55668722025251        4.68128117797268        4.80585295356912     
   4.93040196223666        5.05492761970733        5.17942934226397     
   5.30390654675370        5.42835865060142        5.55278507182324     
   5.67718522903992        5.80155854149020        5.92590442904419     
   6.05022231221665        6.17451161218025        6.29877175077882     
   6.42300215054054        6.54720223469109        6.67137142716676     
   6.79550915262754        6.91961483647012        7.04368790484093     
   7.16772778464904        7.29173390357910        7.41570569010419     
   7.53964257349863        7.66354398385077        7.78740935207568     
   7.91123810992788        8.03502969001393        8.15878352580505     
   8.28249905164962        8.40617570278568        8.52981291535339     
   8.65341012640738        8.77696677392912        8.90048229683916     
   9.02395613500941        9.14738772927529        9.27077652144785     
   9.39412195432586        9.51742347170781        9.64068051840389     
   9.76389254024786        9.88705898410894        10.0101792979036     
   10.1332529306071        10.2562793322656        10.3792579540074     
   10.5021882480545        10.6250696677344        10.7479016674911     
   10.8706837028970        10.9934152306637        11.1160957086535     
   11.2387245958907        11.3613013525724        11.4838254400800     
   11.6062963209898        11.7287134590839        11.8510763193616     
   11.9733843680497        12.0956370726133        12.2178339017667     
   12.3399743254837        12.4620578150084        12.5840838428656     
   12.7060518828711        12.8279614101420        12.9498119011072     
   13.0716028335172        13.1933336864548        13.3150039403446     
   13.4366130769632        13.5581605794490        13.6796459323124     
   13.8010686214449        13.9224281341296        14.0437239590502     
   14.1649555863006        14.2861225073948        14.4072242152758     
   14.5282602043254        14.6492299703728        14.7701330107046     
   14.8909688240730        15.0117369107057        15.1324367723143     
   15.2530679121031        15.3736298347783        15.4941220465566     
   15.6145440551735        15.7348953698924        15.8551755015126     
   15.9753839623779        16.0955202663851        16.2155839289920     
   16.3355744672258        16.4554913996908        16.5753342465770     
   16.6951025296675        16.8147957723466        16.9344134996077     
   17.0539552380607        17.1734205159397        17.2928088631109     
   17.4121198110795        17.5313528929974        17.6505076436704     
   17.7695835995657        17.8885802988184        18.0074972812393     
   18.1263340883211        18.2450902632461        18.3637653508924     
   18.4823588978408        18.6008704523817        18.7192995645211     
   18.8376457859878        18.9559086702390        19.0740877724675     
   19.1921826496070        19.3101928603392        19.4281179650990     
   19.5459575260811        19.6637111072456        19.7813782743239     
   19.8989585948247        20.0164516380390        20.1338569750463     
   20.2511741787200        20.3684028237325        20.4855424865607     
   20.6025927454914        20.7195531806263        20.8364233738870     
   20.9532029090202        21.0698913716025        21.1864883490452     
   21.3029934305991        21.4194062073593        21.5357262722694     
   21.6519532201266        21.7680866475855        21.8841261531627     
   22.0000713372414        22.1159218020748        22.2316771517910     
   22.3473369923965        22.4629009317803        22.5783685797176     
   22.6937395478741        22.8090134498087        22.9241899009782     
   23.0392685187401        23.1542489223562        23.2691307329961     
   23.3839135737404        23.4985970695838        23.6131808474384     
   23.7276645361366        23.8420477664342        23.9563301710132     
   24.0705113844844        24.1845910433905        24.2985687862086     
   24.4124442533525        24.5262170871755        24.6398869319729     
   24.7534534339839        24.8669162413942        24.9802750043379     
   25.0935293748999        25.2066790071177        25.3197235569835     
   25.4326626824457        25.5454960434113        25.6582233017469     
   25.7708441212809        25.8833581678047        25.9957651090745     
   26.1080646148122        26.2202563567073        26.3323400084179     
   26.4443152455717        26.5561817457673        26.6679391885753     
   26.7795872555391        26.8911256301759        27.0025539979774     
   27.1138720464104        27.2250794649179        27.3361759449194     
   27.4471611798112        27.5580348649674        27.6687966977399     
   27.7794463774585        27.8899836054318        28.0004080849466     
   28.1107195212686        28.2209176216420        28.3310020952898     
   28.4409726534134        28.5508290091926        28.6605708777850     
   28.7701979763263        28.8797100239293        28.9891067416839     
   29.0983878526561        29.2075530818880        29.3166021563965     
   29.4255348051730        29.5343507591827        29.6430497513633     
   29.7516315166244        29.8600957918464        29.9684423158795     
   30.0766708295428        30.1847810756225        30.2927727988714     
   30.4006457460071        30.5083996657109        30.6160343086261     
   30.7235494273568        30.8309447764663        30.9382201124752     
   31.0453751938603        31.1524097810523        31.2593236364342     
   31.3661165243395        31.4727882110506        31.5793384647961     
   31.6857670557495        31.7920737560266        31.8982583396837     
   32.0043205827154        32.1102602630521        32.2160771605578     
   32.3217710570279        32.4273417361867        32.5327889836847     
   32.6381125870965        32.7433123359178        32.8483880215632     
   32.9533394373630        33.0581663785610        33.1628686423113     
   33.2674460276757        33.3718983356208        33.4762253690149     
   33.5804269326251        33.6845028331142        33.7884528790380     
   33.8922768808415        33.9959746508561        34.0995460032965     
   34.2029907542572        34.3063087217089        34.4094997254959     
   34.5125635873319        34.6155001307970        34.7183091813339     
   34.8209905662445        34.9235441146864        35.0259696576690     
   35.1282670280500        35.2304360605314        35.3324765916563     
   35.4343884598045        35.5361715051887        35.6378255698509     
   35.7393504976584        35.8407461342995        35.9420123272799     
   36.0431489259183        36.1441557813424        36.2450327464849     
   36.3457796760792        36.4463964266550        36.5468828565345     
   36.6472388258276        36.7474641964281        36.8475588320087     
   36.9475225980172        37.0473553616718        37.1470569919564     
   37.2466273596166        37.3460663371549        37.4453737988258     
   37.5445496206318        37.6435936803184        37.7425058573695     
   37.8412860330027        37.9399340901645        38.0384499135257     
   38.1368333894764        38.2350844061212        38.3332028532747     
   38.4311886224560        38.5290416068843        38.6267617014736     
   38.7243488028281        38.8218028092369        38.9191236206689     
   39.0163111387682        39.1133652668485        39.2102859098883     
   39.3070729745257        39.4037263690531        39.5002460034123     
   39.5966317891892        39.6928836396082        39.7890014695274     
   39.8849851954334        39.9808347354354        40.0765500092604     
   40.1721309382478        40.2675774453437        40.3628894550959     
   40.4580668936483        40.5531096887354        40.6480177696772     
   40.7427910673730        40.8374295142969        40.9319330444915     
   41.0263015935627        41.1205350986740        41.2146334985412     
   41.3085967334265        41.4024247451332        41.4961174769999     
   41.5896748738947        41.6830968822101        41.7763834498568     
   41.8695345262581        41.9625500623446        42.0554300105480     
   42.1481743247956        42.2407829605047        42.3332558745766     
   42.4255930253910        42.5177943728000        42.6098598781226     
   42.7017895041389        42.7935832150839        42.8852409766421     
   42.9767627559415        43.0681485215476        43.1593982434580     
   43.2505118930960        43.3414894433051        43.4323308683427     
   43.5230361438749        43.6136052469698        43.7040381560923     
   43.7943348510974        43.8844953132253        43.9745195250944     
   44.0644074706960        44.1541591353884        44.2437745058903     
   44.3332535702757        44.4225963179673        44.5118027397308     
   44.6008728276689        44.6898065752150        44.7786039771279     
   44.8672650294852        44.9557897296774        45.0441780764021     
   45.1324300696579        45.2205457107384        45.3085250022262     
   45.3963679479868        45.4840745531626        45.5716448241670     
   45.6590787686785        45.7463763956341        45.8335377152240     
   45.9205627388851        46.0074514792952        46.0942039503667     
   46.1808201672412        46.2673001462826        46.3536439050719     
   46.4398514624004        46.5259228382644        46.6118580538589     
   46.6976571315713        46.7833200949757        46.8688469688269     
   46.9542377790544        47.0394925527558        47.1246113181919     
   47.2095941047796        47.2944409430865        47.3791518648249     
   47.4637269028454        47.5481660911314        47.6324694647928     
   47.7166370600601        47.8006689142783        47.8845650659012     
   47.9683255544851        48.0519504206833        48.1354397062395     
   48.2187934539823        48.3020117078193        48.3850945127307     
   48.4680419147638        48.5508539610270        48.6335306996837     
   48.7160721799464        48.7984784520710        48.8807495673507     
   48.9628855781101        49.0448865376995        49.1267525004889     
   49.2084835218620        49.2900796582104        49.3715409669279     
   49.4528675064047        49.5340593360210        49.6151165161420     
   49.6960391081113        49.7768271742457        49.8574807778289     
   49.9379999831061        50.0183848552779        50.0986354604949     
   50.1787518658514        50.2587341393801        50.3385823500463     
   50.4182965677419        50.4978768632799        50.5773233083887     
   50.6566359757061        50.7358149387742        50.8148602720330     
   50.8937720508152        50.9725503513405        51.0511952507097     
   51.1297068268995        51.2080851587564        51.2863303259913     
   51.3644424091741        51.4424214897276        51.5202676499227     
   51.5979809728719        51.6755615425245        51.7530094436609     
   51.8303247618866        51.9075075836274        51.9845579961234     
   52.0614760874237        52.1382619463811        52.2149156626461     
   52.2914373266620        52.3678270296594        52.4440848636504     
   52.5202109214237        52.5962052965387        52.6720680833208     
   52.7477993768551        52.8233992729821        52.8988678682915     
   52.9742052601175        53.0494115465330        53.1244868263447     
   53.1994311990877        53.2742447650201        53.3489276251179     
   53.4234798810699        53.4979016352721        53.5721929908230     
   53.6463540515179        53.7203849218442        53.7942857069759     
   53.8680565127686        53.9416974457545        54.0152086131371     
   54.0885901227861        54.1618420832327        54.2349646036638     
   54.3079577939179        54.3808217644793        54.4535566264734     
   54.5261624916618        54.5986394724371        54.6709876818181     
   54.7432072334450        54.8152982415738        54.8872608210723     
   54.9590950874147        55.0308011566766        55.1023791455306     
   55.1738291712409        55.2451513516590        55.3163458052185     
   55.3874126509305        55.4583520083790        55.5291639977154     
   55.5998487396548        55.6704063554704        55.7408369669893     
   55.8111406965877        55.8813176671859        55.9513680022441     
   56.0212918257577        56.0910892622522        56.1607604367792     
   56.2303054749114        56.2997245027383        56.3690176468615     
   56.4381850343900        56.5072267929361        56.5761430506104     
   56.6449339360180        56.7135995782530        56.7821401068952     
   56.8505556520049        56.9188463441185        56.9870123142447     
   57.0550536938594        57.1229706149020        57.1907632097703     
   57.2584316113169        57.3259759528444        57.3933963681015     
   57.4606929912783        57.5278659570024        57.5949154003345     
   57.6618414567640        57.7286442622053        57.7953239529931     
   57.8618806658785        57.9283145380248        57.9946257070032     
   58.0608143107892        58.1268804877577        58.1928243766798     
   58.2586461167178        58.3243458474222        58.3899237087266     
   58.4553798409447        58.5207143847655        58.5859274812497     
   58.6510192718258        58.7159898982861        58.7808395027826     
   58.8455682278232        58.9101762162680        58.9746636113254     
   59.0390305565477        59.1032771958281        59.1674036733964     
   59.2314101338151        59.2952967219762        59.3590635830966     
   59.4227108627151        59.4862387066884        59.5496472611872     
   59.6129366726927        59.6761070879931        59.7391586541797     
   59.8020915186430        59.8649058290698        59.9276017334390     
   59.9901793800183        60.0526389173604        60.1149804942997     
   60.1772042599485        60.2393103636939        60.3012989551938     
   60.3631701843737        60.4249242014233        60.4865611567928     
   60.5480812011898        60.6094844855754        60.6707711611614     
   60.7319413794065        60.7929952920130        60.8539330509237     
   60.9147548083182        60.9754607166100        61.0360509284427     
   61.0965255966873        61.1568848744384        61.2171289150115     
   61.2772578719393        61.3372718989687        61.3971711500577     
   61.4569557793718        61.5166259412816        61.5761817903589     
   61.6356234813740        61.6949511692925        61.7541650092722     
   61.8132651566599        61.8722517669886        61.9311249959743     
   61.9898849995129        62.0485319336775        62.1070659547148     
   62.1654872190430        62.2237958832480        62.2819921040809     
   62.3400760384552        62.3980478434434        62.4559076762746     
   62.5136556943312        62.5712920551464        62.6288169164011     
   62.6862304359214        62.7435327716752        62.8007240817700     
   62.8578045244498        62.9147742580925        62.9716334412070     
   63.0283822324305        63.0850207905257        63.1415492743785     
   63.1979678429947        63.2542766554979        63.3104758711264     
   63.3665656492309        63.4225461492716        63.4784175308157     
   63.5341799535350        63.5898335772029        63.6453785616922     
   63.7008150669725        63.7561432531074        63.8113632802523     
   63.8664753086518        63.9214794986371        63.9763760106237     
   64.0311650051086        64.0858466426685        64.1424480708919     
   64.2034132980625        64.2693543614715        64.3406773769889     
   64.4178216066920        64.5012621641800        64.5915129406890     
   64.6891297700308        64.7947138518452        64.9089154542508     
   65.0324379186970        65.1660419916826        65.3105505100187     
   65.4668534684917        65.6359135011369        65.8187718098804     
   66.0165545770632        66.2304799013388        66.4618652996639     
   66.7121358215825        66.9828328257790        67.2756234729523     
   67.5923109934760        67.9348457930801        68.3053374649519     
   68.7060677822367        69.1395047509539        69.6083178098803     
   70.1153942710100        70.6638571018464        71.2570841590419     
   71.8987289918414        72.5927433434536        73.3434014889299     
   74.1553265594430        75.0335190150907        75.9833874415813     
   77.0107818604712        78.1220297581047        79.3239750551497     
   80.6240202567334        82.0301720427723        83.5510905792753     
   85.1961428543179        86.9754603671709        88.9000015258789     
