  -89.4000000000000                1   109.596644449280     
  -88.4136301999565                2   106.608996092477     
  -87.4541492351242                3   103.702792224674     
  -86.5208241051021                4   100.875812636543     
  -85.6129417913732                5   98.1258976425244     
  -84.7298087125905                6   95.4509464309739     
  -83.8707501947117                7   92.8489154591937     
  -83.0351099555790                8   90.3178168922933     
  -82.2222496035484                9   87.8557170845448     
  -81.4315481497875               10   85.4607351021804     
  -80.6624015338678               11   83.1310412864386     
  -79.9142221622899               12   80.8648558557934     
  -79.1864384595877               13   78.6604475462601     
  -78.4784944316714               14   76.5161322888162     
  -77.7898492410721               15   74.4302719228311     
  -77.1199767937666               16   72.4012729445857     
  -76.4683653372653               17   70.4275852899091     
  -75.8345170696561               18   68.5077011500018     
  -75.2179477593061               19   66.6401538195361     
  -74.6181863749303               20   64.8235165761548     
  -74.0347747257449               21   63.0564015905245     
  -73.4672671114302               22   61.3374588660981     
  -72.9152299816353               23   59.6653752077619     
  -72.3782416047654               24   58.0388732186413     
  -71.8558917457977               25   56.4567103242032     
  -71.3477813528798               26   54.9176778229976     
  -70.8535222524729               27   53.4205999632510     
  -70.3727368528036               28   51.9643330446639     
  -69.9050578554016               29   50.5477645446572     
  -69.4501279744997               30   49.1698122684612     
  -69.0075996640836               31   47.8294235223807     
  -68.5771348523821               32   46.5255743095538     
  -68.1584046835961               33   45.2572685476945     
  -67.7510892666669               34   44.0235373081192     
  -67.3548774308938               35   42.8234380755157     
  -66.9694664882142               36   41.6560540279281     
  -66.5945620019628               37   40.5204933363324     
  -66.2298775619358               38   39.4158884833142     
  -65.8751345655860               39   38.3413956003346     
  -65.5300620051830               40   37.2961938230484     
  -65.1943962607756               41   36.2794846642013     
  -64.8678808987978               42   35.2904914036192     
  -64.5502664761652               43   34.3284584948328     
  -64.2413103497117               44   33.3926509878677     
  -63.9407764908209               45   32.4823539677850     
  -63.6484353051108               46   31.5968720085091     
  -63.3640634570342               47   30.7355286415587     
  -63.0874436992602               48   29.8976658392536     
  -62.8183647067069               49   29.0826435120116     
  -62.5566209150988               50   28.2898390193485     
  -62.3020123639247               51   27.5186466942077     
  -62.0543445436768               52   26.7684773802617     
  -61.8134282472544               53   26.0387579818134     
  -61.5790794254181               54   25.3289310259935     
  -61.3511190461842               55   24.6384542368574     
  -61.1293729580525               56   23.9668001211228     
  -60.9136717569624               57   23.3134555651881     
  -60.7038506568757               58   22.6779214431277     
  -60.4997493638875               59   22.0597122353933     
  -60.3012119537690               60   21.4583556578923     
  -60.1080867528480               61   20.8733923011835     
  -59.9202262221373               62   20.3043752795130     
  -59.7374868446217               63   19.7508698894116     
  -59.5597290156170               64   19.2124532775971     
  -59.3868169361186               65   18.6887141179410     
  -59.2186185090571               66   18.1792522972270     
  -59.0550052383821               67   17.6836786094867     
  -58.8958521308967               68   17.2016144586604     
  -58.7410376007688               69   16.7326915693680     
  -58.5904433766445               70   16.2765517055677     
  -58.4439544112943               71   15.8328463968694     
  -58.3014587937225               72   15.4012366723298     
  -58.1628476636716               73   14.9813928014895     
  -58.0280151284582               74   14.7687285508561     
  -57.8950965715004               75   14.7903986343686     
  -57.7619829837911               76   14.8450858430683     
  -57.6283772112035               77   14.8998942356629     
  -57.4942781630825               78   14.9548230608387     
  -57.3596847555350               79   15.0098715523370     
  -57.2245959115640               80   15.0650389288245     
  -57.0890105612045               81   15.1203243937677     
  -56.9529276416606               82   15.1757271353116     
  -56.8163460974428               83   15.2312463261516     
  -56.6792648805075               84   15.2868811234054     
  -56.5416829503968               85   15.3426306684960     
  -56.4035992743804               86   15.3984940870176     
  -56.2650128275972               87   15.4544704886198     
  -56.1259225931996               88   15.5105589668775     
  -55.9863275624977               89   15.5667585991724     
  -55.8462267351052               90   15.6230684465639     
  -55.7056191190861               91   15.6794875536714     
  -55.5645037311031               92   15.7360149485520     
  -55.4228795965661               93   15.7926496425749     
  -55.2807457497829               94   15.8493906303031     
  -55.1381012341102               95   15.9062368893722     
  -54.9949451021058               96   15.9631873803695     
  -54.8512764156825               97   16.0202410467163     
  -54.7070942462621               98   16.0773968145504     
  -54.5623976749311               99   16.1346535926007     
  -54.4171857925977              100   16.1920102720809     
  -54.2714577001490              101   16.2494657265645     
  -54.1252125086099              102   16.3070188118739     
  -53.9784493393030              103   16.3646683659632     
  -53.8311673240094              104   16.4224132088064     
  -53.6833656051301              105   16.4802521422816     
  -53.5350433358496              106   16.5381839500659     
  -53.3861996802990              107   16.5962073975139     
  -53.2368338137213              108   16.6543212315607     
  -53.0869449226373              109   16.7125241806032     
  -52.9365322050119              110   16.7708149543952     
  -52.7855948704223              111   16.8291922439481     
  -52.6341321402268              112   16.8876547214170     
  -52.4821432477340              113   16.9462010399997     
  -52.3296274383740              114   17.0048298338396     
  -52.1765839698695              115   17.0635397179192     
  -52.0230121124082              116   17.1223292879630     
  -51.8689111488165              117   17.1811971203416     
  -51.7142803747335              118   17.2401417719672     
  -51.5591190987858              119   17.2991617802162     
  -51.4034266427638              120   17.3582556628149     
  -51.2472023417985              121   17.4174219177653     
  -51.0904455445386              122   17.4766590232475     
  -50.9331556133294              123   17.5359654375353     
  -50.7753319243915              124   17.5953395989055     
  -50.6169738680014              125   17.6547799255605     
  -50.4580808486714              126   17.7142848155454     
  -50.2986522853314              127   17.7738526466611     
  -50.1386876115115              128   17.8334817763973     
  -49.9781862755239              129   17.8931705418471     
  -49.8171477406473              130   17.9529172596410     
  -49.6555714853105              131   18.0127202258712     
  -49.4934570032777              132   18.0725777160231     
  -49.3308038038335              133   18.1324879849143     
  -49.1676114119692              134   18.1924492666196     
  -49.0038793685697              135   18.2524597744226     
  -48.8396072305999              136   18.3125177007450     
  -48.6747945712932              137   18.3726212170975     
  -48.5094409803393              138   18.4327684740235     
  -48.3435460640731              139   18.4929576010475     
  -48.1771094456636              140   18.5531867066260     
  -48.0101307653040              141   18.6134538781081     
  -47.8426096804010              142   18.6737571816830     
  -47.6745458657659              143   18.7340946623462     
  -47.5059390138048              144   18.7944643438666     
  -47.3367888347100              145   18.8548642287429     
  -47.1670950566513              146   18.9152922981827     
  -46.9968574259676              147   18.9757465120677     
  -46.8260757073590              148   19.0362248089389     
  -46.6547496840786              149   19.0967251059635     
  -46.4828791581249              150   19.1572452989301     
  -46.3104639504345              151   19.2177832622262     
  -46.1375039010745              152   19.2783368488326     
  -45.9639988694350              153   19.3389038903125     
  -45.7899487344222              154   19.3994821968152     
  -45.6153533946509              155   19.4600695570668     
  -45.4402127686373              156   19.5206637383857     
  -45.2645267949918              157   19.5812624866802     
  -45.0882954326117              158   19.6418635264695     
  -44.9115186608734              159   19.7024645608911     
  -44.7341964798254              160   19.7630632717305     
  -44.5563289103799              161   19.8236573194342     
  -44.3779159945049              162   19.8842443431491     
  -44.1989577954166              163   19.9448219607450     
  -44.0194543977699              164   20.0053877688594     
  -43.8394059078502              165   20.0659393429308     
  -43.6588124537638              166   20.1264742372508     
  -43.4776741856285              167   20.1869899850083     
  -43.2959912757635              168   20.2474840983484     
  -43.1137639188783              169   20.3079540684270     
  -42.9309923322625              170   20.3683973654797     
  -42.7476767559732              171   20.4288114388799     
  -42.5638174530232              172   20.4891937172241     
  -42.3794147095682              173   20.5495416084010     
  -42.1944688350926              174   20.6098524996755     
  -42.0089801625955              175   20.6701237577786     
  -41.8229490487755              176   20.7303527289966     
  -41.6363758742146              177   20.7905367392690     
  -41.4492610435611              178   20.8506730942920     
  -41.2616049857125              179   20.9107590796281     
  -41.0734081539959              180   20.9707919608127     
  -40.8846710263485              181   21.0307689834753     
  -40.6953941054973              182   21.0906873734658     
  -40.5055779191361              183   21.1505443369791     
  -40.3152230201033              184   21.2103370606861     
  -40.1243299865571              185   21.2700627118810     
  -39.9328994221502              186   21.3297184386229     
  -39.7409319562026              187   21.3893013698786     
  -39.5484282438736              188   21.4488086156924     
  -39.3553889663324              189   21.5082372673344     
  -39.1618148309264              190   21.5675843974752     
  -38.9677065713491              191   21.6268470603593     
  -38.7730649478059              192   21.6860222919782     
  -38.5778907471781              193   21.7451071102567     
  -38.3821847831858              194   21.8040985152502     
  -38.1859478965485              195   21.8629934893247     
  -37.9891809551446              196   21.9217889973796     
  -37.7918848541682              197   21.9804819870370     
  -37.5940605162849              198   22.0390693888643     
  -37.3957088917851              199   22.0975481165956     
  -37.1968309587357              200   22.1559150673514     
  -36.9974277231296              201   22.2141671218744     
  -36.7975002190327              202   22.2723011447654     
  -36.5970495087298              203   22.3303139847333     
  -36.3960766828672              204   22.3882024748316     
  -36.1945828605937              205   22.4459634327311     
  -35.9925691896991              206   22.5035936609683     
  -35.7900368467504              207   22.5610899472228     
  -35.5869870372254              208   22.6184490645901     
  -35.3834209956441              209   22.6756677718561     
  -35.1793399856974              210   22.7327428137956     
  -34.9747453003732              211   22.7896709214540     
  -34.7696382620802              212   22.8464488124539     
  -34.5640202227681              213   22.9030731913006     
  -34.3578925640464              214   22.9595407496880     
  -34.1512566972992              215   23.0158481668236     
  -33.9441140637978              216   23.0719921097497     
  -33.7364661348100              217   23.1279692336738     
  -33.5283144117069              218   23.1837761823033     
  -33.3196604260662              219   23.2394095881953     
  -33.1105057397725              220   23.2948660730964     
  -32.9008519451146              221   23.3501422483037     
  -32.6907006648799              222   23.4052347150266     
  -32.4800535524446              223   23.4601400647500     
  -32.2689122918619              224   23.5148548796092     
  -32.0572785979454              225   23.5693757327750     
  -31.8451542163504              226   23.6236991888287     
  -31.6325409236510              227   23.6778218041643     
  -31.4194405274135              228   23.7317401273782     
  -31.2058548662671              229   23.7854506996784     
  -30.9917858099700              230   23.8389500552895     
  -30.7772352594724              231   23.8922347218688     
  -30.5622051469755              232   23.9453012209315     
  -30.3466974359872              233   23.9981460682712     
  -30.1307141213727              234   24.0507657743956     
  -29.9142572294032              235   24.1031568449661     
  -29.6973288177985              236   24.1553157812370     
  -29.4799309757673              237   24.2072390805098     
  -29.2620658240427              238   24.2589232365837     
  -29.0437355149135              239   24.3103647402185     
  -28.8249422322515              240   24.3615600795977     
  -28.6056881915351              241   24.4125057408016     
  -28.3859756398679              242   24.4631982082808     
  -28.1658068559934              243   24.5136339653382     
  -27.9451841503054              244   24.5638094946147     
  -27.7241098648538              245   24.6137212785820     
  -27.5025863733466              246   24.6633658000334     
  -27.2806160811463              247   24.7127395425903     
  -27.0582014252630              248   24.7618389912023     
  -26.8353448743421              249   24.8106606326605     
  -26.6120489286482              250   24.8592009561083     
  -26.3883161200432              251   24.9074564535634     
  -26.1641490119612              252   24.9554236204388     
  -25.9395501993772              253   25.0030989560679     
  -25.7145223087726              254   25.0504789642396     
  -25.4890679980944              255   25.0975601537280     
  -25.2631899567109              256   25.1443390388380     
  -25.0368909053613              257   25.1908121399388     
  -24.8101735961019              258   25.2369759840181     
  -24.5830408122457              259   25.2828271052259     
  -24.3554953682987              260   25.3283620454287     
  -24.1275401098898              261   25.3735773547664     
  -23.8991779136969              262   25.4184695922098     
  -23.6704116873671              263   25.4630353261231     
  -23.4412443694319              264   25.5072711348269     
  -23.2116789292185              265   25.5511736071661     
  -22.9817183667540              266   25.5947393430809     
  -22.7513657126663              267   25.6379649541761     
  -22.5206240280787              268   25.6808470642945     
  -22.2894964045000              269   25.7233823100991     
  -22.0579859637092              270   25.7655673416405     
  -21.8260958576344              271   25.8073988229460     
  -21.5938292682279              272   25.8488734325945     
  -21.3611894073345              273   25.8899878643035     
  -21.1281795165558              274   25.9307388275079     
  -20.8948028671082              275   25.9711230479469     
  -20.6610627596767              276   26.0111372682519     
  -20.4269625242624              277   26.0507782485280     
  -20.1925055200257              278   26.0900427669431     
  -19.9576951351232              279   26.1289276203137     
  -19.7225347865404              280   26.1674296246971     
  -19.4870279199181              281   26.2055456159678     
  -19.2511780093744              282   26.2432724504163     
  -19.0149885573206              283   26.2806070053274     
  -18.7784630942727              284   26.3175461795697     
  -18.5416051786566              285   26.3540868941795     
  -18.3044183966090              286   26.3902260929459     
  -18.0669063617724              287   26.4259607429922     
  -17.8290727150855              288   26.4612878353611     
  -17.5909211245673              289   26.4962043855898     
  -17.3524552850970              290   26.5307074342916     
  -17.1136789181883              291   26.5647940477349     
  -16.8745957717587              292   26.5984613184113     
  -16.6352096198930              293   26.6317063656124     
  -16.3955242626025              294   26.6645263359998     
  -16.1555435255785              295   26.6969184041671     
  -15.9152712599410              296   26.7288797732116     
  -15.6747113419821              297   26.7604076752875     
  -15.4338676729045              298   26.7914993721696     
  -15.1927441785550              299   26.8221521558032     
  -14.9513448091527              300   26.8523633488571     
  -14.7096735390130              301   26.8821303052699     
  -14.4677343662656              302   26.9114504107917     
  -14.2255313125685              303   26.9403210835228     
  -13.9830684228168              304   26.9687397744474     
  -13.7403497648467              305   26.9967039679633     
  -13.4973794291351              306   27.0242111824055     
  -13.2541615284934              307   27.0512589705653     
  -13.0107001977583              308   27.0778449202040     
  -12.7669995934765              309   27.1039666545629     
  -12.5230638935854              310   27.1296218328641     
  -12.2788972970897              311   27.1548081508087     
  -12.0345040237324              312   27.1795233410678     
  -11.7898883136628              313   27.2037651737662     
  -11.5450544270989              314   27.2275314569619     
  -11.3000066439862              315   27.2508200371174     
  -11.0547492636522              316   27.2736287995637     
  -10.8092866044561              317   27.2959556689612     
  -10.5636230034354              318   27.3177986097463     
  -10.3177628159477              319   27.3391556265792     
  -10.0717104153085              320   27.3600247647773     
  -9.82547019242552              321   27.3804041107441     
  -9.57904655542882              322   27.4002917923900     
  -9.33244392929731              323   27.4196859795460     
  -9.08566675548139              324   27.4385848843662     
  -8.83871949152210              325   27.4569867617242     
  -8.59160661066658              326   27.4748899096024     
  -8.34433260148016              327   27.4922926694690     
  -8.09690196745494              328   27.5091934266486     
  -7.84931922661510              329   27.5255906106843     
  -7.60158891111894              330   27.5414826956883     
  -7.35371556685775              331   27.5568682006858     
  -7.10570375305158              332   27.5717456899480     
  -6.85755804184204              333   27.5861137733157     
  -6.60928301788220              334   27.5999711065144     
  -6.36088327792357              335   27.6133163914574     
  -6.11236343040046              336   27.6261483765414     
  -5.86372809501158              337   27.6384658569304     
  -5.61498190229921              338   27.6502676748300     
  -5.36612949322574              339   27.6615527197514     
  -5.11717551874798              340   27.6723199287654     
  -4.86812463938909              341   27.6825682867447     
  -4.61898152480839              342   27.6922968265967     
  -4.36975085336902              343   27.7015046294861     
  -4.12043731170364              344   27.7101908250441     
  -3.87104559427824              345   27.7183545915702     
  -3.62158040295411              346   27.7259951562204     
  -3.37204644654813              347   27.7331117951857     
  -3.12244844039146              348   27.7397038338585     
  -2.87279110588673              349   27.7457706469887     
  -2.62307917006383              350   27.7513116588285     
  -2.37331736513438              351   27.7563263432645     
  -2.12351042804500              352   27.7608142239405     
  -1.87366310002953              353   27.7647748743674     
  -1.62378012616022              354   27.7682079180216     
  -1.37386625489803              355   27.7711130284331     
  -1.12392623764213              356   27.7734899292604     
 -0.873964828278789              357   27.7753383943553     
 -0.623986782729591              358   27.7766582478150     
 -0.373996858499256              359   27.7774493640229     
 -0.123999814223050              360   27.5555142717889     
  0.123999814223050              361   27.7774493640229     
  0.373996858499256              362   27.7766582478150     
  0.623986782729591              363   27.7753383943553     
  0.873964828278789              364   27.7734899292604     
   1.12392623764213              365   27.7711130284331     
   1.37386625489803              366   27.7682079180216     
   1.62378012616022              367   27.7647748743674     
   1.87366310002953              368   27.7608142239405     
   2.12351042804500              369   27.7563263432645     
   2.37331736513438              370   27.7513116588285     
   2.62307917006383              371   27.7457706469887     
   2.87279110588673              372   27.7397038338585     
   3.12244844039146              373   27.7331117951857     
   3.37204644654813              374   27.7259951562204     
   3.62158040295411              375   27.7183545915702     
   3.87104559427824              376   27.7101908250441     
   4.12043731170364              377   27.7015046294861     
   4.36975085336902              378   27.6922968265967     
   4.61898152480839              379   27.6825682867447     
   4.86812463938909              380   27.6723199287654     
   5.11717551874798              381   27.6615527197514     
   5.36612949322574              382   27.6502676748300     
   5.61498190229921              383   27.6384658569304     
   5.86372809501158              384   27.6261483765414     
   6.11236343040046              385   27.6133163914574     
   6.36088327792357              386   27.5999711065144     
   6.60928301788220              387   27.5861137733157     
   6.85755804184204              388   27.5717456899480     
   7.10570375305158              389   27.5568682006858     
   7.35371556685775              390   27.5414826956883     
   7.60158891111894              391   27.5255906106843     
   7.84931922661510              392   27.5091934266486     
   8.09690196745494              393   27.4922926694690     
   8.34433260148016              394   27.4748899096024     
   8.59160661066658              395   27.4569867617242     
   8.83871949152210              396   27.4385848843662     
   9.08566675548139              397   27.4196859795460     
   9.33244392929731              398   27.4002917923900     
   9.57904655542882              399   27.3804041107441     
   9.82547019242552              400   27.3600247647773     
   10.0717104153085              401   27.3391556265792     
   10.3177628159477              402   27.3177986097463     
   10.5636230034354              403   27.2959556689612     
   10.8092866044561              404   27.2736287995637     
   11.0547492636522              405   27.2508200371174     
   11.3000066439862              406   27.2275314569619     
   11.5450544270989              407   27.2037651737662     
   11.7898883136628              408   27.1795233410678     
   12.0345040237324              409   27.1548081508087     
   12.2788972970897              410   27.1296218328641     
   12.5230638935854              411   27.1039666545629     
   12.7669995934765              412   27.0778449202040     
   13.0107001977583              413   27.0512589705653     
   13.2541615284934              414   27.0242111824055     
   13.4973794291351              415   26.9967039679633     
   13.7403497648467              416   26.9687397744474     
   13.9830684228168              417   26.9403210835228     
   14.2255313125685              418   26.9114504107917     
   14.4677343662656              419   26.8821303052699     
   14.7096735390130              420   26.8523633488571     
   14.9513448091527              421   26.8221521558032     
   15.1927441785550              422   26.7914993721696     
   15.4338676729045              423   26.7604076752875     
   15.6747113419821              424   26.7288797732116     
   15.9152712599410              425   26.6969184041671     
   16.1555435255785              426   26.6645263359998     
   16.3955242626025              427   26.6317063656124     
   16.6352096198930              428   26.5984613184113     
   16.8745957717587              429   26.5647940477349     
   17.1136789181883              430   26.5307074342916     
   17.3524552850970              431   26.4962043855898     
   17.5909211245673              432   26.4612878353611     
   17.8290727150855              433   26.4259607429922     
   18.0669063617724              434   26.3902260929459     
   18.3044183966090              435   26.3540868941795     
   18.5416051786566              436   26.3175461795697     
   18.7784630942727              437   26.2806070053274     
   19.0149885573206              438   26.2432724504163     
   19.2511780093744              439   26.2055456159678     
   19.4870279199181              440   26.1674296246971     
   19.7225347865404              441   26.1289276203137     
   19.9576951351232              442   26.0900427669431     
   20.1925055200257              443   26.0507782485280     
   20.4269625242624              444   26.0111372682519     
   20.6610627596767              445   25.9711230479469     
   20.8948028671082              446   25.9307388275079     
   21.1281795165558              447   25.8899878643035     
   21.3611894073345              448   25.8488734325945     
   21.5938292682279              449   25.8073988229460     
   21.8260958576344              450   25.7655673416405     
   22.0579859637092              451   25.7233823100991     
   22.2894964045000              452   25.6808470642945     
   22.5206240280787              453   25.6379649541761     
   22.7513657126663              454   25.5947393430809     
   22.9817183667540              455   25.5511736071661     
   23.2116789292185              456   25.5072711348269     
   23.4412443694319              457   25.4630353261231     
   23.6704116873671              458   25.4184695922098     
   23.8991779136969              459   25.3735773547664     
   24.1275401098898              460   25.3283620454287     
   24.3554953682987              461   25.2828271052259     
   24.5830408122457              462   25.2369759840181     
   24.8101735961019              463   25.1908121399388     
   25.0368909053613              464   25.1443390388380     
   25.2631899567109              465   25.0975601537280     
   25.4890679980944              466   25.0504789642396     
   25.7145223087726              467   25.0030989560679     
   25.9395501993772              468   24.9554236204388     
   26.1641490119612              469   24.9074564535634     
   26.3883161200432              470   24.8592009561083     
   26.6120489286482              471   24.8106606326605     
   26.8353448743421              472   24.7618389912023     
   27.0582014252630              473   24.7127395425903     
   27.2806160811463              474   24.6633658000334     
   27.5025863733466              475   24.6137212785820     
   27.7241098648538              476   24.5638094946147     
   27.9451841503054              477   24.5136339653382     
   28.1658068559934              478   24.4631982082808     
   28.3859756398679              479   24.4125057408016     
   28.6056881915351              480   24.3615600795977     
   28.8249422322515              481   24.3103647402185     
   29.0437355149135              482   24.2589232365837     
   29.2620658240427              483   24.2072390805098     
   29.4799309757673              484   24.1553157812370     
   29.6973288177985              485   24.1031568449661     
   29.9142572294032              486   24.0507657743956     
   30.1307141213727              487   23.9981460682712     
   30.3466974359872              488   23.9453012209315     
   30.5622051469755              489   23.8922347218688     
   30.7772352594724              490   23.8389500552895     
   30.9917858099700              491   23.7854506996784     
   31.2058548662671              492   23.7317401273782     
   31.4194405274135              493   23.6778218041643     
   31.6325409236510              494   23.6236991888287     
   31.8451542163504              495   23.5693757327750     
   32.0572785979454              496   23.5148548796092     
   32.2689122918619              497   23.4601400647500     
   32.4800535524446              498   23.4052347150266     
   32.6907006648799              499   23.3501422483037     
   32.9008519451146              500   23.2948660730964     
   33.1105057397725              501   23.2394095881953     
   33.3196604260662              502   23.1837761823033     
   33.5283144117069              503   23.1279692336738     
   33.7364661348100              504   23.0719921097497     
   33.9441140637978              505   23.0158481668236     
   34.1512566972992              506   22.9595407496880     
   34.3578925640464              507   22.9030731913006     
   34.5640202227681              508   22.8464488124539     
   34.7696382620802              509   22.7896709214540     
   34.9747453003732              510   22.7327428137956     
   35.1793399856974              511   22.6756677718561     
   35.3834209956441              512   22.6184490645901     
   35.5869870372254              513   22.5610899472228     
   35.7900368467504              514   22.5035936609683     
   35.9925691896991              515   22.4459634327311     
   36.1945828605937              516   22.3882024748316     
   36.3960766828672              517   22.3303139847333     
   36.5970495087298              518   22.2723011447654     
   36.7975002190327              519   22.2141671218744     
   36.9974277231296              520   22.1559150673514     
   37.1968309587357              521   22.0975481165956     
   37.3957088917851              522   22.0390693888643     
   37.5940605162849              523   21.9804819870370     
   37.7918848541682              524   21.9217889973796     
   37.9891809551446              525   21.8629934893247     
   38.1859478965485              526   21.8040985152502     
   38.3821847831858              527   21.7451071102567     
   38.5778907471781              528   21.6860222919782     
   38.7730649478059              529   21.6268470603593     
   38.9677065713491              530   21.5675843974752     
   39.1618148309264              531   21.5082372673344     
   39.3553889663324              532   21.4488086156924     
   39.5484282438736              533   21.3893013698786     
   39.7409319562026              534   21.3297184386229     
   39.9328994221502              535   21.2700627118810     
   40.1243299865571              536   21.2103370606861     
   40.3152230201033              537   21.1505443369791     
   40.5055779191361              538   21.0906873734658     
   40.6953941054973              539   21.0307689834753     
   40.8846710263485              540   20.9707919608127     
   41.0734081539959              541   20.9107590796281     
   41.2616049857125              542   20.8506730942920     
   41.4492610435611              543   20.7905367392690     
   41.6363758742146              544   20.7303527289966     
   41.8229490487755              545   20.6701237577786     
   42.0089801625955              546   20.6098524996755     
   42.1944688350926              547   20.5495416084010     
   42.3794147095682              548   20.4891937172241     
   42.5638174530232              549   20.4288114388799     
   42.7476767559732              550   20.3683973654797     
   42.9309923322625              551   20.3079540684270     
   43.1137639188783              552   20.2474840983484     
   43.2959912757635              553   20.1869899850083     
   43.4776741856285              554   20.1264742372508     
   43.6588124537638              555   20.0659393429308     
   43.8394059078502              556   20.0053877688594     
   44.0194543977699              557   19.9448219607450     
   44.1989577954166              558   19.8842443431491     
   44.3779159945049              559   19.8236573194342     
   44.5563289103799              560   19.7630632717305     
   44.7341964798254              561   19.7024645608911     
   44.9115186608734              562   19.6418635264695     
   45.0882954326117              563   19.5812624866802     
   45.2645267949918              564   19.5206637383857     
   45.4402127686373              565   19.4600695570668     
   45.6153533946509              566   19.3994821968152     
   45.7899487344222              567   19.3389038903125     
   45.9639988694350              568   19.2783368488326     
   46.1375039010745              569   19.2177832622262     
   46.3104639504345              570   19.1572452989301     
   46.4828791581249              571   19.0967251059635     
   46.6547496840786              572   19.0362248089389     
   46.8260757073590              573   18.9757465120677     
   46.9968574259676              574   18.9152922981827     
   47.1670950566513              575   18.8548642287429     
   47.3367888347100              576   18.7944643438666     
   47.5059390138048              577   18.7340946623462     
   47.6745458657659              578   18.6737571816830     
   47.8426096804010              579   18.6134538781081     
   48.0101307653040              580   18.5531867066260     
   48.1771094456636              581   18.4929576010475     
   48.3435460640731              582   18.4327684740235     
   48.5094409803393              583   18.3726212170975     
   48.6747945712932              584   18.3125177007450     
   48.8396072305999              585   18.2524597744226     
   49.0038793685697              586   18.1924492666196     
   49.1676114119692              587   18.1324879849143     
   49.3308038038335              588   18.0725777160231     
   49.4934570032777              589   18.0127202258712     
   49.6555714853105              590   17.9529172596410     
   49.8171477406473              591   17.8931705418471     
   49.9781862755239              592   17.8334817763973     
   50.1386876115115              593   17.7738526466611     
   50.2986522853314              594   17.7142848155454     
   50.4580808486714              595   17.6547799255605     
   50.6169738680014              596   17.5953395989055     
   50.7753319243915              597   17.5359654375353     
   50.9331556133294              598   17.4766590232475     
   51.0904455445386              599   17.4174219177653     
   51.2472023417985              600   17.3582556628149     
   51.4034266427638              601   17.2991617802162     
   51.5591190987858              602   17.2401417719672     
   51.7142803747335              603   17.1811971203416     
   51.8689111488165              604   17.1223292879630     
   52.0230121124082              605   17.0635397179192     
   52.1765839698695              606   17.0048298338396     
   52.3296274383740              607   16.9462010399997     
   52.4821432477340              608   16.8876547214170     
   52.6341321402268              609   16.8291922439481     
   52.7855948704223              610   16.7708149543952     
   52.9365322050119              611   16.7125241806032     
   53.0869449226373              612   16.6543212315607     
   53.2368338137213              613   16.5962073975139     
   53.3861996802990              614   16.5381839500659     
   53.5350433358496              615   16.4802521422816     
   53.6833656051301              616   16.4224132088064     
   53.8311673240094              617   16.3646683659632     
   53.9784493393030              618   16.3070188118739     
   54.1252125086099              619   16.2494657265645     
   54.2714577001490              620   16.1920102720809     
   54.4171857925977              621   16.1346535926007     
   54.5623976749311              622   16.0773968145504     
   54.7070942462621              623   16.0202410467163     
   54.8512764156825              624   15.9631873803695     
   54.9949451021058              625   15.9062368893722     
   55.1381012341102              626   15.8493906303031     
   55.2807457497829              627   15.7926496425749     
   55.4228795965661              628   15.7360149485520     
   55.5645037311031              629   15.6794875536714     
   55.7056191190861              630   15.6230684465639     
   55.8462267351052              631   15.5667585991724     
   55.9863275624977              632   15.5105589668775     
   56.1259225931996              633   15.4544704886198     
   56.2650128275972              634   15.3984940870176     
   56.4035992743804              635   15.3426306684960     
   56.5416829503968              636   15.2868811234054     
   56.6792648805075              637   15.2312463261516     
   56.8163460974428              638   15.1757271353116     
   56.9529276416606              639   15.1203243937677     
   57.0890105612045              640   15.0650389288245     
   57.2245959115640              641   15.0098715523370     
   57.3596847555350              642   14.9548230608387     
   57.4942781630825              643   14.8998942356629     
   57.6283772112035              644   14.8450858430683     
   57.7619829837911              645   14.7903986343686     
   57.8950965715004              646   14.7687285508561     
   58.0280151284582              647   14.9813928014895     
   58.1628476636716              648   15.4012366723298     
   58.3014587937225              649   15.8328463968694     
   58.4439544112943              650   16.2765517055677     
   58.5904433766445              651   16.7326915693680     
   58.7410376007688              652   17.2016144586604     
   58.8958521308967              653   17.6836786094867     
   59.0550052383821              654   18.1792522972270     
   59.2186185090571              655   18.6887141179410     
   59.3868169361186              656   19.2124532775971     
   59.5597290156170              657   19.7508698894116     
   59.7374868446217              658   20.3043752795130     
   59.9202262221373              659   20.8733923011835     
   60.1080867528480              660   21.4583556578923     
   60.3012119537690              661   22.0597122353933     
   60.4997493638875              662   22.6779214431277     
   60.7038506568757              663   23.3134555651881     
   60.9136717569624              664   23.9668001211228     
   61.1293729580525              665   24.6384542368574     
   61.3511190461842              666   25.3289310259935     
   61.5790794254181              667   26.0387579818134     
   61.8134282472544              668   26.7684773802617     
   62.0543445436768              669   27.5186466942077     
   62.3020123639247              670   28.2898390193485     
   62.5566209150988              671   29.0826435120116     
   62.8183647067069              672   29.8976658392536     
   63.0874436992602              673   30.7355286415587     
   63.3640634570342              674   31.5968720085091     
   63.6484353051108              675   32.4823539677850     
   63.9407764908209              676   33.3926509878677     
   64.2413103497117              677   34.3284584948328     
   64.5502664761652              678   35.2904914036192     
   64.8678808987978              679   36.2794846642013     
   65.1943962607756              680   37.2961938230484     
   65.5300620051830              681   38.3413956003346     
   65.8751345655860              682   39.4158884833142     
   66.2298775619358              683   40.5204933363324     
   66.5945620019628              684   41.6560540279281     
   66.9694664882142              685   42.8234380755157     
   67.3548774308938              686   44.0235373081192     
   67.7510892666669              687   45.2572685476945     
   68.1584046835961              688   46.5255743095538     
   68.5771348523821              689   47.8294235223807     
   69.0075996640836              690   49.1698122684612     
   69.4501279744997              691   50.5477645446572     
   69.9050578554016              692   51.9643330446639     
   70.3727368528036              693   53.4205999632510     
   70.8535222524729              694   54.9176778229976     
   71.3477813528798              695   56.4567103242032     
   71.8558917457977              696   58.0388732186413     
   72.3782416047654              697   59.6653752077619     
   72.9152299816353              698   61.3374588660981     
   73.4672671114302              699   63.0564015905245     
   74.0347747257449              700   64.8235165761548     
   74.6181863749303              701   66.6401538195361     
   75.2179477593061              702   68.5077011500018     
   75.8345170696561              703   70.4275852899091     
   76.4683653372653              704   72.4012729445857     
   77.1199767937666              705   74.4302719228311     
   77.7898492410721              706   76.5161322888162     
   78.4784944316714              707   78.6604475462601     
   79.1864384595877              708   80.8648558557934     
   79.9142221622899              709   83.1310412864386     
   80.6624015338678              710   85.4607351021804     
   81.4315481497875              711   87.8557170845448     
   82.2222496035484              712   90.3178168922933     
   83.0351099555790              713   92.8489154591937     
   83.8707501947117              714   95.4509464309739     
   84.7298087125905              715   98.1258976425244     
   85.6129417913732              716   100.875812636543     
   86.5208241051021              717   103.702792224674     
   87.4541492351242              718   106.608996092477     
   88.4136301999565              719   109.596644449280     
   89.4000000000000              720  0.000000000000000E+000
