  -89.0000000000000                1   218.859166621898     
  -87.0302675004029                2   212.234846707989     
  -85.1201538800310                3   205.811028399741     
  -83.2678546244333                4   199.581643014726     
  -81.4716198373008                5   193.540805554363     
  -79.7297525873115                6   187.682809144266     
  -78.0406073050131                7   182.002119642871     
  -76.4025882282273                8   176.493370413248     
  -74.8141478945081                9   171.151357253153     
  -73.2737856792297               10   165.971033478535     
  -71.7800463779229               11   160.947505155848     
  -70.3315188315202               12   156.076026478698     
  -68.9268345932120               13   151.351995284368     
  -67.5646666356527               14   146.770948706115     
  -66.2437280972976               15   142.328558957017     
  -64.9627710666845               16   138.020629241437     
  -63.7205854035115               17   133.843089790263     
  -62.5159975953992               18   129.791994016107     
  -61.3478696492542               19   125.863514784929     
  -60.2150980161898               20   122.053940800464     
  -59.1166125489857               21   118.359673098108     
  -58.0513754911027               22   114.777221644923     
  -57.0183804962984               23   111.303202042539     
  -56.0166516779155               24   107.934332329871     
  -55.0452426869467               25   104.667429882587     
  -54.1032358180034               26   101.499408406445     
  -53.1897411423454               27   98.4272750216064     
  -52.3038956671510               28   95.4481274352309     
  -51.4448625202339               29   92.5591511996278     
  -50.6118301594372               30   89.7576170533993     
  -49.8040116059566               31   87.0408783430716     
  -49.0206437008690               32   84.4063685227520     
  -48.2609863841642               33   81.8515987294804     
  -47.5243219955989               34   79.3741554319575     
  -46.8099545967113               35   76.9716981504381     
  -46.1172093133573               36   74.6419572456579     
  -45.4454316981464               37   72.3827317746502     
  -44.7939871121746               38   70.1918874114958     
  -44.1622601254711               39   68.0673544309869     
  -43.5496539355922               40   66.0071257533224     
  -42.9555898038123               41   64.0092550479873     
  -42.3795065083804               42   62.0718548950323     
  -41.8208598143251               43   60.1930950019865     
  -41.2791219593073               44   58.3712004747620     
  -40.7537811550344               45   56.6044501408732     
  -40.2443411037665               46   54.8911749234272     
  -39.7503205294557               47   53.2297562643159     
  -39.2712527230769               48   51.6186245951376     
  -38.8066851017206               49   50.0562578544077     
  -38.3561787810309               50   48.5411800496299     
  -37.9193081605843               51   47.0719598629204     
  -37.4956605218180               52   45.6472092988033     
  -37.0848356381288               53   44.2655823729589     
  -36.6864453967721               54   42.9257738406505     
  -36.3001134322063               55   41.6265179636331     
  -35.9254747705336               56   40.3665873143966     
  -35.5621754847040               57   39.1447916165938     
  -35.2098723601547               58   37.9599766205661     
  -34.8682325705696               59   36.8110230129091     
  -34.5369333634534               60   35.6968453590341     
  -34.2156617552221               61   34.6163910777461     
  -33.9041142355224               62   33.5686394468521     
  -33.6019964805007               63   32.5526006388704     
  -33.3090230747509               64   31.5673147859172     
  -33.0249172416776               65   30.6118510729160     
  -32.7494105820214               66   29.6853068582313     
  -32.4822428202973               67   28.7868068209399     
  -32.2231615589088               68   27.9155021338882     
  -31.9719220397038               69   27.0705696618031     
  -31.7282869127476               70   26.2512111836573     
  -31.4920260120947               71   25.4566526385784     
  -31.2629161383475               72   24.6861433945840     
  -31.0407408477962               73   23.9389555394417     
  -30.8252902479413               74   23.2143831930062     
  -30.6163607992042               75   22.5117418403585     
  -30.4137551226410               76   21.8303676851350     
  -30.2172818134748               77   21.1696170224292     
  -30.0267552602729               78   20.5288656306735     
  -29.8419954695968               79   19.9075081819259     
  -29.6628278959595               80   19.3049576700079     
  -29.4890832769294               81   18.7206448559528     
  -29.3205974732259               82   18.1540177302324     
  -29.1572113136538               83   17.6045409912682     
  -28.9987704447323               84   17.2210972158307     
  -28.8437805697899               85   17.1208090236546     
  -28.6896932885770               86   17.1460434082585     
  -28.5353788979027               87   17.1711904285472     
  -28.3808381840457               88   17.1962492251454     
  -28.2260719410194               89   17.2212189384911     
  -28.0710809705730               90   17.2460987088993     
  -27.9158660821929               91   17.2708876766213     
  -27.7604280931033               92   17.2955849819003     
  -27.6047678282662               93   17.3201897650349     
  -27.4488861203809               94   17.3447011664393     
  -27.2927838098829               95   17.3691183267009     
  -27.1364617449426               96   17.3934403866463     
  -26.9799207814628               97   17.4176664873984     
  -26.8231617830762               98   17.4417957704414     
  -26.6661856211423               99   17.4658273776807     
  -26.5089931747431              100   17.4897604515090     
  -26.3515853306796              101   17.5135941348650     
  -26.1939629834658              102   17.5373275712999     
  -26.0361270353241              103   17.5609599050412     
  -25.8780783961787              104   17.5844902810533     
  -25.7198179836492              105   17.6079178451079     
  -25.5613467230433              106   17.6312417438413     
  -25.4026655473487              107   17.6544611248279     
  -25.2437753972252              108   17.6775751366370     
  -25.0846772209955              109   17.7005829289069     
  -24.9253719746353              110   17.7234836524028     
  -24.7658606217637              111   17.7462764590888     
  -24.6061441336319              112   17.7689605021946     
  -24.4462234891122              113   17.7915349362752     
  -24.2860996746857              114   17.8139989172889     
  -24.1257736844301              115   17.8363516026560     
  -23.9652465200062              116   17.8585921513290     
  -23.8045191906442              117   17.8807197238642     
  -23.6435927131294              118   17.9027334824811     
  -23.4824681117871              119   17.9246325911425     
  -23.3211464184668              120   17.9464162156119     
  -23.1596286725263              121   17.9680835235290     
  -22.9979159208146              122   17.9896336844768     
  -22.8360092176543              123   18.0110658700501     
  -22.6739096248238              124   18.0323792539272     
  -22.5116182115385              125   18.0535730119347     
  -22.3491360544311              126   18.0746463221221     
  -22.1864642375320              127   18.0955983648303     
  -22.0236038522485              128   18.1164283227591     
  -21.8605559973437              129   18.1371353810399     
  -21.6973217789143              130   18.1577187273064     
  -21.5339023103685              131   18.1781775517618     
  -21.3702987124027              132   18.1985110472525     
  -21.2065121129774              133   18.2187184093369     
  -21.0425436472934              134   18.2387988363569     
  -20.8783944577662              135   18.2587515295067     
  -20.7140656940006              136   18.2785756929079     
  -20.5495585127644              137   18.2982705336750     
  -20.3848740779614              138   18.3178352619898     
  -20.2200135606034              139   18.3372690911712     
  -20.0549781387829              140   18.3565712377462     
  -19.8897689976432              141   18.3757409215216     
  -19.7243873293495              142   18.3947773656522     
  -19.5588343330586              143   18.4136797967172     
  -19.3931112148882              144   18.4324474447845     
  -19.2272191878851              145   18.4510795434853     
  -19.0611594719937              146   18.4695753300868     
  -18.8949332940230              147   18.4879340455579     
  -18.7285418876129              148   18.5061549346438     
  -18.5619864932011              149   18.5242372459366     
  -18.3952683579877              150   18.5421802319416     
  -18.2283887359002              151   18.5599831491553     
  -18.0613488875578              152   18.5776452581277     
  -17.8941500802347              153   18.5951658235387     
  -17.7267935878228              154   18.6125441142645     
  -17.5592806907945              155   18.6297794034481     
  -17.3916126761634              156   18.6468709685717     
  -17.2237908374463              157   18.6638180915245     
  -17.0558164746226              158   18.6806200586705     
  -16.8876908940945              159   18.6972761609196     
  -16.7194154086463              160   18.7137856937980     
  -16.5509913374021              161   18.7301479575150     
  -16.3824200057844              162   18.7463622570303     
  -16.2137027454712              163   18.7624279021278     
  -16.0448408943520              164   18.7783442074764     
  -15.8758357964847              165   18.7941104927043     
  -15.7066888020504              166   18.8097260824633     
  -15.5374012673082              167   18.8251903064961     
  -15.3679745545498              168   18.8405024997051     
  -15.1984100320524              169   18.8556620022175     
  -15.0287090740325              170   18.8706681594518     
  -14.8588730605974              171   18.8855203221861     
  -14.6889033776977              172   18.9002178466197     
  -14.5188014170781              173   18.9147600944423     
  -14.3485685762282              174   18.9291464328974     
  -14.1782062583321              175   18.9433762348465     
  -14.0077158722185              176   18.9574488788347     
  -13.8370988323089              177   18.9713637491526     
  -13.6663565585666              178   18.9851202359013     
  -13.4954904764435              179   18.9987177350560     
  -13.3245020168280              180   19.0121556485252     
  -13.1533926159912              181   19.0254333842170     
  -12.9821637155333              182   19.0385503560982     
  -12.8108167623284              183   19.0515059842552     
  -12.6393532084701              184   19.0642996949570     
  -12.4677745112155              185   19.0769309207129     
  -12.2960821329291              186   19.0893991003333     
  -12.1242775410261              187   19.1017036789888     
  -11.9523622079152              188   19.1138441082693     
  -11.7803376109407              189   19.1258198462410     
  -11.6082052323246              190   19.1376303575043     
  -11.4359665591070              191   19.1492751132520     
  -11.2636230830878              192   19.1607535913239     
  -11.0911763007659              193   19.1720652762633     
  -10.9186277132795              194   19.1832096593727     
  -10.7459788263451              195   19.1941862387680     
  -10.5732311501962              196   19.2049945194330     
  -10.4003861995213              197   19.2156340132710     
  -10.2274454934019              198   19.2261042391605     
  -10.0544105552494              199   19.2364047230043     
  -9.88128291274240              200   19.2465349977827     
  -9.70806409776235              201   19.2564946036047     
  -9.53475564632991              202   19.2662830877555     
  -9.36135909854011              203   19.2759000047494     
  -9.18787599849737              204   19.2853449163750     
  -9.01430789424999              205   19.2946173917464     
  -8.84065633772428              206   19.3037170073475     
  -8.66692288465815              207   19.3126433470808     
  -8.49310909453442              208   19.3213960023131     
  -8.31921653051360              209   19.3299745719177     
  -8.14524675936634              210   19.3383786623229     
  -7.97120135140544              211   19.3466078875521     
  -7.79708188041747              212   19.3546618692688     
  -7.62288992359405              213   19.3625402368171     
  -7.44862706146270              214   19.3702426272636     
  -7.27429487781732              215   19.3777686854377     
  -7.09989495964838              216   19.3851180639716     
  -6.92542889707264              217   19.3922904233377     
  -6.75089828326260              218   19.3992854318881     
  -6.57630471437561              219   19.4061027658908     
  -6.40164978948259              220   19.4127421095668     
  -6.22693511049649              221   19.4192031551236     
  -6.05216228210038              222   19.4254856027929     
  -5.87733291167524              223   19.4315891608610     
  -5.70244860922749              224   19.4375135457043     
  -5.52751098731615              225   19.4432584818196     
  -5.35252166097978              226   19.4488237018555     
  -5.17748224766308              227   19.4542089466437     
  -5.00239436714328              228   19.4594139652268     
  -4.82725964145624              229   19.4644385148873     
  -4.65207969482226              230   19.4692823611755     
  -4.47685615357168              231   19.4739452779356     
  -4.30159064607026              232   19.4784270473314     
  -4.12628480264428              233   19.4827274598714     
  -3.95094025550543              234   19.4868463144321     
  -3.77555863867554              235   19.4907834182815     
  -3.60014158791101              236   19.4945385871002     
  -3.42469074062711              237   19.4981116450034     
  -3.24920773582208              238   19.5015024245603     
  -3.07369421400104              239   19.5047107668132     
  -2.89815181709972              240   19.5077365212959     
  -2.72258218840805              241   19.5105795460513     
  -2.54698697249359              242   19.5132397076462     
  -2.37136781512478              243   19.5157168811882     
  -2.19572636319408              244   19.5180109503392     
  -2.02006426464103              245   19.5201218073286     
  -1.84438316837507              246   19.5220493529661     
  -1.66868472419838              247   19.5237934966524     
  -1.49297058272851              248   19.5253541563906     
  -1.31724239532099              249   19.5267312587944     
  -1.14150181399184              250   19.5279247390976     
 -0.965750491339962              251   19.5289345411608     
 -0.789990080469514              252   19.5297606174781     
 -0.614222234912211              253   19.5304029291826     
 -0.438448608549568              254   19.5308614460508     
 -0.262670855535111              255   19.5311361465060     
 -8.689063021655684E-002         256   19.3090289370126     
  8.689063021655684E-002         257   19.5311361465060     
  0.262670855535111              258   19.5308614460508     
  0.438448608549568              259   19.5304029291826     
  0.614222234912211              260   19.5297606174781     
  0.789990080469514              261   19.5289345411608     
  0.965750491339962              262   19.5279247390976     
   1.14150181399184              263   19.5267312587944     
   1.31724239532099              264   19.5253541563906     
   1.49297058272851              265   19.5237934966524     
   1.66868472419838              266   19.5220493529661     
   1.84438316837507              267   19.5201218073286     
   2.02006426464103              268   19.5180109503392     
   2.19572636319408              269   19.5157168811882     
   2.37136781512478              270   19.5132397076462     
   2.54698697249359              271   19.5105795460513     
   2.72258218840805              272   19.5077365212959     
   2.89815181709972              273   19.5047107668132     
   3.07369421400104              274   19.5015024245603     
   3.24920773582208              275   19.4981116450034     
   3.42469074062711              276   19.4945385871002     
   3.60014158791101              277   19.4907834182815     
   3.77555863867554              278   19.4868463144321     
   3.95094025550543              279   19.4827274598714     
   4.12628480264428              280   19.4784270473314     
   4.30159064607026              281   19.4739452779356     
   4.47685615357168              282   19.4692823611755     
   4.65207969482226              283   19.4644385148873     
   4.82725964145624              284   19.4594139652268     
   5.00239436714328              285   19.4542089466437     
   5.17748224766308              286   19.4488237018555     
   5.35252166097978              287   19.4432584818196     
   5.52751098731615              288   19.4375135457043     
   5.70244860922749              289   19.4315891608610     
   5.87733291167524              290   19.4254856027929     
   6.05216228210038              291   19.4192031551236     
   6.22693511049649              292   19.4127421095668     
   6.40164978948259              293   19.4061027658908     
   6.57630471437561              294   19.3992854318881     
   6.75089828326260              295   19.3922904233377     
   6.92542889707264              296   19.3851180639716     
   7.09989495964838              297   19.3777686854377     
   7.27429487781732              298   19.3702426272636     
   7.44862706146270              299   19.3625402368171     
   7.62288992359405              300   19.3546618692688     
   7.79708188041747              301   19.3466078875521     
   7.97120135140544              302   19.3383786623229     
   8.14524675936634              303   19.3299745719177     
   8.31921653051360              304   19.3213960023131     
   8.49310909453442              305   19.3126433470808     
   8.66692288465815              306   19.3037170073475     
   8.84065633772428              307   19.2946173917464     
   9.01430789424999              308   19.2853449163750     
   9.18787599849737              309   19.2759000047494     
   9.36135909854011              310   19.2662830877555     
   9.53475564632991              311   19.2564946036047     
   9.70806409776235              312   19.2465349977827     
   9.88128291274240              313   19.2364047230043     
   10.0544105552494              314   19.2261042391605     
   10.2274454934019              315   19.2156340132710     
   10.4003861995213              316   19.2049945194330     
   10.5732311501962              317   19.1941862387680     
   10.7459788263451              318   19.1832096593727     
   10.9186277132795              319   19.1720652762633     
   11.0911763007659              320   19.1607535913239     
   11.2636230830878              321   19.1492751132520     
   11.4359665591070              322   19.1376303575043     
   11.6082052323246              323   19.1258198462410     
   11.7803376109407              324   19.1138441082693     
   11.9523622079152              325   19.1017036789888     
   12.1242775410261              326   19.0893991003333     
   12.2960821329291              327   19.0769309207129     
   12.4677745112155              328   19.0642996949570     
   12.6393532084701              329   19.0515059842552     
   12.8108167623284              330   19.0385503560982     
   12.9821637155333              331   19.0254333842170     
   13.1533926159912              332   19.0121556485252     
   13.3245020168280              333   18.9987177350560     
   13.4954904764435              334   18.9851202359013     
   13.6663565585666              335   18.9713637491526     
   13.8370988323089              336   18.9574488788347     
   14.0077158722185              337   18.9433762348465     
   14.1782062583321              338   18.9291464328974     
   14.3485685762282              339   18.9147600944423     
   14.5188014170781              340   18.9002178466197     
   14.6889033776977              341   18.8855203221861     
   14.8588730605974              342   18.8706681594518     
   15.0287090740325              343   18.8556620022175     
   15.1984100320524              344   18.8405024997051     
   15.3679745545498              345   18.8251903064961     
   15.5374012673082              346   18.8097260824633     
   15.7066888020504              347   18.7941104927043     
   15.8758357964847              348   18.7783442074764     
   16.0448408943520              349   18.7624279021278     
   16.2137027454712              350   18.7463622570303     
   16.3824200057844              351   18.7301479575150     
   16.5509913374021              352   18.7137856937980     
   16.7194154086463              353   18.6972761609196     
   16.8876908940945              354   18.6806200586705     
   17.0558164746226              355   18.6638180915245     
   17.2237908374463              356   18.6468709685717     
   17.3916126761634              357   18.6297794034481     
   17.5592806907945              358   18.6125441142645     
   17.7267935878228              359   18.5951658235387     
   17.8941500802347              360   18.5776452581277     
   18.0613488875578              361   18.5599831491553     
   18.2283887359002              362   18.5421802319416     
   18.3952683579877              363   18.5242372459366     
   18.5619864932011              364   18.5061549346438     
   18.7285418876129              365   18.4879340455579     
   18.8949332940230              366   18.4695753300868     
   19.0611594719937              367   18.4510795434853     
   19.2272191878851              368   18.4324474447845     
   19.3931112148882              369   18.4136797967172     
   19.5588343330586              370   18.3947773656522     
   19.7243873293495              371   18.3757409215216     
   19.8897689976432              372   18.3565712377462     
   20.0549781387829              373   18.3372690911712     
   20.2200135606034              374   18.3178352619898     
   20.3848740779614              375   18.2982705336750     
   20.5495585127644              376   18.2785756929079     
   20.7140656940006              377   18.2587515295067     
   20.8783944577662              378   18.2387988363569     
   21.0425436472934              379   18.2187184093369     
   21.2065121129774              380   18.1985110472525     
   21.3702987124027              381   18.1781775517618     
   21.5339023103685              382   18.1577187273064     
   21.6973217789143              383   18.1371353810399     
   21.8605559973437              384   18.1164283227591     
   22.0236038522485              385   18.0955983648303     
   22.1864642375320              386   18.0746463221221     
   22.3491360544311              387   18.0535730119347     
   22.5116182115385              388   18.0323792539272     
   22.6739096248238              389   18.0110658700501     
   22.8360092176543              390   17.9896336844768     
   22.9979159208146              391   17.9680835235290     
   23.1596286725263              392   17.9464162156119     
   23.3211464184668              393   17.9246325911425     
   23.4824681117871              394   17.9027334824811     
   23.6435927131294              395   17.8807197238642     
   23.8045191906442              396   17.8585921513290     
   23.9652465200062              397   17.8363516026560     
   24.1257736844301              398   17.8139989172889     
   24.2860996746857              399   17.7915349362752     
   24.4462234891122              400   17.7689605021946     
   24.6061441336319              401   17.7462764590888     
   24.7658606217637              402   17.7234836524028     
   24.9253719746353              403   17.7005829289069     
   25.0846772209955              404   17.6775751366370     
   25.2437753972252              405   17.6544611248279     
   25.4026655473487              406   17.6312417438413     
   25.5613467230433              407   17.6079178451079     
   25.7198179836492              408   17.5844902810533     
   25.8780783961787              409   17.5609599050412     
   26.0361270353241              410   17.5373275712999     
   26.1939629834658              411   17.5135941348650     
   26.3515853306796              412   17.4897604515090     
   26.5089931747431              413   17.4658273776807     
   26.6661856211423              414   17.4417957704414     
   26.8231617830762              415   17.4176664873984     
   26.9799207814628              416   17.3934403866463     
   27.1364617449426              417   17.3691183267009     
   27.2927838098829              418   17.3447011664393     
   27.4488861203809              419   17.3201897650349     
   27.6047678282662              420   17.2955849819003     
   27.7604280931033              421   17.2708876766213     
   27.9158660821929              422   17.2460987088993     
   28.0710809705730              423   17.2212189384911     
   28.2260719410194              424   17.1962492251454     
   28.3808381840457              425   17.1711904285472     
   28.5353788979027              426   17.1460434082585     
   28.6896932885770              427   17.1208090236546     
   28.8437805697899              428   17.2210972158307     
   28.9987704447323              429   17.6045409912682     
   29.1572113136538              430   18.1540177302324     
   29.3205974732259              431   18.7206448559528     
   29.4890832769294              432   19.3049576700079     
   29.6628278959595              433   19.9075081819259     
   29.8419954695968              434   20.5288656306735     
   30.0267552602729              435   21.1696170224292     
   30.2172818134748              436   21.8303676851350     
   30.4137551226410              437   22.5117418403585     
   30.6163607992042              438   23.2143831930062     
   30.8252902479413              439   23.9389555394417     
   31.0407408477962              440   24.6861433945840     
   31.2629161383475              441   25.4566526385784     
   31.4920260120947              442   26.2512111836573     
   31.7282869127476              443   27.0705696618031     
   31.9719220397038              444   27.9155021338882     
   32.2231615589088              445   28.7868068209399     
   32.4822428202973              446   29.6853068582313     
   32.7494105820214              447   30.6118510729160     
   33.0249172416776              448   31.5673147859172     
   33.3090230747509              449   32.5526006388704     
   33.6019964805007              450   33.5686394468521     
   33.9041142355224              451   34.6163910777461     
   34.2156617552221              452   35.6968453590341     
   34.5369333634534              453   36.8110230129091     
   34.8682325705696              454   37.9599766205661     
   35.2098723601547              455   39.1447916165938     
   35.5621754847040              456   40.3665873143966     
   35.9254747705336              457   41.6265179636331     
   36.3001134322063              458   42.9257738406505     
   36.6864453967721              459   44.2655823729589     
   37.0848356381288              460   45.6472092988033     
   37.4956605218180              461   47.0719598629204     
   37.9193081605843              462   48.5411800496299     
   38.3561787810309              463   50.0562578544077     
   38.8066851017206              464   51.6186245951376     
   39.2712527230769              465   53.2297562643159     
   39.7503205294557              466   54.8911749234272     
   40.2443411037665              467   56.6044501408732     
   40.7537811550344              468   58.3712004747620     
   41.2791219593073              469   60.1930950019865     
   41.8208598143251              470   62.0718548950323     
   42.3795065083804              471   64.0092550479873     
   42.9555898038123              472   66.0071257533224     
   43.5496539355922              473   68.0673544309869     
   44.1622601254711              474   70.1918874114958     
   44.7939871121746              475   72.3827317746502     
   45.4454316981464              476   74.6419572456579     
   46.1172093133573              477   76.9716981504381     
   46.8099545967113              478   79.3741554319575     
   47.5243219955989              479   81.8515987294804     
   48.2609863841642              480   84.4063685227520     
   49.0206437008690              481   87.0408783430716     
   49.8040116059566              482   89.7576170533993     
   50.6118301594372              483   92.5591511996278     
   51.4448625202339              484   95.4481274352309     
   52.3038956671510              485   98.4272750216064     
   53.1897411423454              486   101.499408406445     
   54.1032358180034              487   104.667429882587     
   55.0452426869467              488   107.934332329871     
   56.0166516779155              489   111.303202042539     
   57.0183804962984              490   114.777221644923     
   58.0513754911027              491   118.359673098108     
   59.1166125489857              492   122.053940800464     
   60.2150980161898              493   125.863514784929     
   61.3478696492542              494   129.791994016107     
   62.5159975953992              495   133.843089790263     
   63.7205854035115              496   138.020629241437     
   64.9627710666845              497   142.328558957017     
   66.2437280972976              498   146.770948706115     
   67.5646666356527              499   151.351995284368     
   68.9268345932120              500   156.076026478698     
   70.3315188315202              501   160.947505155848     
   71.7800463779229              502   165.971033478535     
   73.2737856792297              503   171.151357253153     
   74.8141478945081              504   176.493370413248     
   76.4025882282273              505   182.002119642871     
   78.0406073050131              506   187.682809144266     
   79.7297525873115              507   193.540805554363     
   81.4716198373008              508   199.581643014726     
   83.2678546244333              509   205.811028399741     
   85.1201538800310              510   212.234846707989     
   87.0302675004029              511   218.859166621898     
   89.0000000000000              512  0.000000000000000E+000
