  -89.8750000000000                1
  -89.6250000000000                2   27.7777786254883     
  -89.3750000000000                3   27.7777786254883     
  -89.1250000000000                4   27.7777786254883     
  -88.8750000000000                5   27.7777786254883     
  -88.6250000000000                6   27.7777786254883     
  -88.3750000000000                7   27.7777786254883     
  -88.1250000000000                8   27.7777786254883     
  -87.8750000000000                9   27.7777786254883     
  -87.6250000000000               10   27.7777786254883     
  -87.3750000000000               11   27.7777786254883     
  -87.1250000000000               12   27.7777786254883     
  -86.8750000000000               13   27.7777786254883     
  -86.6250000000000               14   27.7777786254883     
  -86.3750000000000               15   27.7777786254883     
  -86.1250000000000               16   27.7777786254883     
  -85.8750000000000               17   27.7777786254883     
  -85.6250000000000               18   27.7777786254883     
  -85.3750000000000               19   27.7777786254883     
  -85.1250000000000               20   27.7777786254883     
  -84.8750000000000               21   27.7777786254883     
  -84.6250000000000               22   27.7777786254883     
  -84.3750000000000               23   27.7777786254883     
  -84.1250000000000               24   27.7777786254883     
  -83.8750000000000               25   27.7777786254883     
  -83.6250000000000               26   27.7777786254883     
  -83.3750000000000               27   27.7777786254883     
  -83.1250000000000               28   27.7777786254883     
  -82.8750000000000               29   27.7777786254883     
  -82.6250000000000               30   27.7777786254883     
  -82.3750000000000               31   27.7777786254883     
  -82.1250000000000               32   27.7777786254883     
  -81.8750000000000               33   27.7777786254883     
  -81.6250000000000               34   27.7777786254883     
  -81.3750000000000               35   27.7777786254883     
  -81.1250000000000               36   27.7777786254883     
  -80.8750000000000               37   27.7777786254883     
  -80.6250000000000               38   27.7777786254883     
  -80.3750000000000               39   27.7777786254883     
  -80.1250000000000               40   27.7777786254883     
  -79.8750000000000               41   27.7777786254883     
  -79.6250000000000               42   27.7777786254883     
  -79.3750000000000               43   27.7777786254883     
  -79.1250000000000               44   27.7777786254883     
  -78.8750000000000               45   27.7777786254883     
  -78.6250000000000               46   27.7777786254883     
  -78.3750000000000               47   27.7777786254883     
  -78.1250000000000               48   27.7777786254883     
  -77.8750000000000               49   27.7777786254883     
  -77.6250000000000               50   27.7777786254883     
  -77.3750000000000               51   27.7777786254883     
  -77.1250000000000               52   27.7777786254883     
  -76.8750000000000               53   27.7777786254883     
  -76.6250000000000               54   27.7777786254883     
  -76.3750000000000               55   27.7777786254883     
  -76.1250000000000               56   27.7777786254883     
  -75.8750000000000               57   27.7777786254883     
  -75.6250000000000               58   27.7777786254883     
  -75.3750000000000               59   27.7777786254883     
  -75.1250000000000               60   27.7777786254883     
  -74.8750000000000               61   27.7777786254883     
  -74.6250000000000               62   27.7777786254883     
  -74.3750000000000               63   27.7777786254883     
  -74.1250000000000               64   27.7777786254883     
  -73.8750000000000               65   27.7777786254883     
  -73.6250000000000               66   27.7777786254883     
  -73.3750000000000               67   27.7777786254883     
  -73.1250000000000               68   27.7777786254883     
  -72.8750000000000               69   27.7777786254883     
  -72.6250000000000               70   27.7777786254883     
  -72.3750000000000               71   27.7777786254883     
  -72.1250000000000               72   27.7777786254883     
  -71.8750000000000               73   27.7777786254883     
  -71.6250000000000               74   27.7777786254883     
  -71.3750000000000               75   27.7777786254883     
  -71.1250000000000               76   27.7777786254883     
  -70.8750000000000               77   27.7777786254883     
  -70.6250000000000               78   27.7777786254883     
  -70.3750000000000               79   27.7777786254883     
  -70.1250000000000               80   27.7777786254883     
  -69.8750000000000               81   27.7777786254883     
  -69.6250000000000               82   27.7777786254883     
  -69.3750000000000               83   27.7777786254883     
  -69.1250000000000               84   27.7777786254883     
  -68.8750000000000               85   27.7777786254883     
  -68.6250000000000               86   27.7777786254883     
  -68.3750000000000               87   27.7777786254883     
  -68.1250000000000               88   27.7777786254883     
  -67.8750000000000               89   27.7777786254883     
  -67.6250000000000               90   27.7777786254883     
  -67.3750000000000               91   27.7777786254883     
  -67.1250000000000               92   27.7777786254883     
  -66.8750000000000               93   27.7777786254883     
  -66.6250000000000               94   27.7777786254883     
  -66.3750000000000               95   27.7777786254883     
  -66.1250000000000               96   27.7777786254883     
  -65.8750000000000               97   27.7777786254883     
  -65.6250000000000               98   27.7777786254883     
  -65.3750000000000               99   27.7777786254883     
  -65.1250000000000              100   27.7777786254883     
  -64.8750000000000              101   27.7777786254883     
  -64.6250000000000              102   27.7777786254883     
  -64.3750000000000              103   27.7777786254883     
  -64.1250000000000              104   27.7777786254883     
  -63.8750000000000              105   27.7777786254883     
  -63.6250000000000              106   27.7777786254883     
  -63.3750000000000              107   27.7777786254883     
  -63.1250000000000              108   27.7777786254883     
  -62.8750000000000              109   27.7777786254883     
  -62.6250000000000              110   27.7777786254883     
  -62.3750000000000              111   27.7777786254883     
  -62.1250000000000              112   27.7777786254883     
  -61.8750000000000              113   27.7777786254883     
  -61.6250000000000              114   27.7777786254883     
  -61.3750000000000              115   27.7777786254883     
  -61.1250000000000              116   27.7777786254883     
  -60.8750000000000              117   27.7777786254883     
  -60.6250000000000              118   27.7777786254883     
  -60.3750000000000              119   27.7777786254883     
  -60.1250000000000              120   27.7777786254883     
  -59.8750000000000              121   27.7777786254883     
  -59.6250000000000              122   27.7777786254883     
  -59.3750000000000              123   27.7777786254883     
  -59.1250000000000              124   27.7777786254883     
  -58.8750000000000              125   27.7777786254883     
  -58.6250000000000              126   27.7777786254883     
  -58.3750000000000              127   27.7777786254883     
  -58.1250000000000              128   27.7777786254883     
  -57.8750000000000              129   27.7777786254883     
  -57.6250000000000              130   27.7777786254883     
  -57.3750000000000              131   27.7777786254883     
  -57.1250000000000              132   27.7777786254883     
  -56.8750000000000              133   27.7777786254883     
  -56.6250000000000              134   27.7777786254883     
  -56.3750000000000              135   27.7777786254883     
  -56.1250000000000              136   27.7777786254883     
  -55.8750000000000              137   27.7777786254883     
  -55.6250000000000              138   27.7777786254883     
  -55.3750000000000              139   27.7777786254883     
  -55.1250000000000              140   27.7777786254883     
  -54.8750000000000              141   27.7777786254883     
  -54.6250000000000              142   27.7777786254883     
  -54.3750000000000              143   27.7777786254883     
  -54.1250000000000              144   27.7777786254883     
  -53.8750000000000              145   27.7777786254883     
  -53.6250000000000              146   27.7777786254883     
  -53.3750000000000              147   27.7777786254883     
  -53.1250000000000              148   27.7777786254883     
  -52.8750000000000              149   27.7777786254883     
  -52.6250000000000              150   27.7777786254883     
  -52.3750000000000              151   27.7777786254883     
  -52.1250000000000              152   27.7777786254883     
  -51.8750000000000              153   27.7777786254883     
  -51.6250000000000              154   27.7777786254883     
  -51.3750000000000              155   27.7777786254883     
  -51.1250000000000              156   27.7777786254883     
  -50.8750000000000              157   27.7777786254883     
  -50.6250000000000              158   27.7777786254883     
  -50.3750000000000              159   27.7777786254883     
  -50.1250000000000              160   27.7777786254883     
  -49.8750000000000              161   27.7777786254883     
  -49.6250000000000              162   27.7777786254883     
  -49.3750000000000              163   27.7777786254883     
  -49.1250000000000              164   27.7777786254883     
  -48.8750000000000              165   27.7777786254883     
  -48.6250000000000              166   27.7777786254883     
  -48.3750000000000              167   27.7777786254883     
  -48.1250000000000              168   27.7777786254883     
  -47.8750000000000              169   27.7777786254883     
  -47.6250000000000              170   27.7777786254883     
  -47.3750000000000              171   27.7777786254883     
  -47.1250000000000              172   27.7777786254883     
  -46.8750000000000              173   27.7777786254883     
  -46.6250000000000              174   27.7777786254883     
  -46.3750000000000              175   27.7777786254883     
  -46.1250000000000              176   27.7777786254883     
  -45.8750000000000              177   27.7777786254883     
  -45.6250000000000              178   27.7777786254883     
  -45.3750000000000              179   27.7777786254883     
  -45.1250000000000              180   27.7777786254883     
  -44.8750000000000              181   27.7777786254883     
  -44.6250000000000              182   27.7777786254883     
  -44.3750000000000              183   27.7777786254883     
  -44.1250000000000              184   27.7777786254883     
  -43.8750000000000              185   27.7777786254883     
  -43.6250000000000              186   27.7777786254883     
  -43.3750000000000              187   27.7777786254883     
  -43.1250000000000              188   27.7777786254883     
  -42.8750000000000              189   27.7777786254883     
  -42.6250000000000              190   27.7777786254883     
  -42.3750000000000              191   27.7777786254883     
  -42.1250000000000              192   27.7777786254883     
  -41.8750000000000              193   27.7777786254883     
  -41.6250000000000              194   27.7777786254883     
  -41.3750000000000              195   27.7777786254883     
  -41.1250000000000              196   27.7777786254883     
  -40.8750000000000              197   27.7777786254883     
  -40.6250000000000              198   27.7777786254883     
  -40.3750000000000              199   27.7777786254883     
  -40.1250000000000              200   27.7777786254883     
  -39.8750000000000              201   27.7777786254883     
  -39.6250000000000              202   27.7777786254883     
  -39.3750000000000              203   27.7777786254883     
  -39.1250000000000              204   27.7777786254883     
  -38.8750000000000              205   27.7777786254883     
  -38.6250000000000              206   27.7777786254883     
  -38.3750000000000              207   27.7777786254883     
  -38.1250000000000              208   27.7777786254883     
  -37.8750000000000              209   27.7777786254883     
  -37.6250000000000              210   27.7777786254883     
  -37.3750000000000              211   27.7777786254883     
  -37.1250000000000              212   27.7777786254883     
  -36.8750000000000              213   27.7777786254883     
  -36.6250000000000              214   27.7777786254883     
  -36.3750000000000              215   27.7777786254883     
  -36.1250000000000              216   27.7777786254883     
  -35.8750000000000              217   27.7777786254883     
  -35.6250000000000              218   27.7777786254883     
  -35.3750000000000              219   27.7777786254883     
  -35.1250000000000              220   27.7777786254883     
  -34.8750000000000              221   27.7777786254883     
  -34.6250000000000              222   27.7777786254883     
  -34.3750000000000              223   27.7777786254883     
  -34.1250000000000              224   27.7777786254883     
  -33.8750000000000              225   27.7777786254883     
  -33.6250000000000              226   27.7777786254883     
  -33.3750000000000              227   27.7777786254883     
  -33.1250000000000              228   27.7777786254883     
  -32.8750000000000              229   27.7777786254883     
  -32.6250000000000              230   27.7777786254883     
  -32.3750000000000              231   27.7777786254883     
  -32.1250000000000              232   27.7777786254883     
  -31.8750000000000              233   27.7777786254883     
  -31.6250000000000              234   27.7777786254883     
  -31.3750000000000              235   27.7777786254883     
  -31.1250000000000              236   27.7777786254883     
  -30.8750000000000              237   27.7777786254883     
  -30.6250000000000              238   27.7777786254883     
  -30.3750000000000              239   27.7777786254883     
  -30.1250000000000              240   27.7777786254883     
  -29.8750000000000              241   27.7777786254883     
  -29.6250000000000              242   27.7777786254883     
  -29.3750000000000              243   27.7777786254883     
  -29.1250000000000              244   27.7777786254883     
  -28.8750000000000              245   27.7777786254883     
  -28.6250000000000              246   27.7777786254883     
  -28.3750000000000              247   27.7777786254883     
  -28.1250000000000              248   27.7777786254883     
  -27.8750000000000              249   27.7777786254883     
  -27.6250000000000              250   27.7777786254883     
  -27.3750000000000              251   27.7777786254883     
  -27.1250000000000              252   27.7777786254883     
  -26.8750000000000              253   27.7777786254883     
  -26.6250000000000              254   27.7777786254883     
  -26.3750000000000              255   27.7777786254883     
  -26.1250000000000              256   27.7777786254883     
  -25.8750000000000              257   27.7777786254883     
  -25.6250000000000              258   27.7777786254883     
  -25.3750000000000              259   27.7777786254883     
  -25.1250000000000              260   27.7777786254883     
  -24.8750000000000              261   27.7777786254883     
  -24.6250000000000              262   27.7777786254883     
  -24.3750000000000              263   27.7777786254883     
  -24.1250000000000              264   27.7777786254883     
  -23.8750000000000              265   27.7777786254883     
  -23.6250000000000              266   27.7777786254883     
  -23.3750000000000              267   27.7777786254883     
  -23.1250000000000              268   27.7777786254883     
  -22.8750000000000              269   27.7777786254883     
  -22.6250000000000              270   27.7777786254883     
  -22.3750000000000              271   27.7777786254883     
  -22.1250000000000              272   27.7777786254883     
  -21.8750000000000              273   27.7777786254883     
  -21.6250000000000              274   27.7777786254883     
  -21.3750000000000              275   27.7777786254883     
  -21.1250000000000              276   27.7777786254883     
  -20.8750000000000              277   27.7777786254883     
  -20.6250000000000              278   27.7777786254883     
  -20.3750000000000              279   27.7777786254883     
  -20.1250000000000              280   27.7777786254883     
  -19.8750000000000              281   27.7777786254883     
  -19.6250000000000              282   27.7777786254883     
  -19.3750000000000              283   27.7777786254883     
  -19.1250000000000              284   27.7777786254883     
  -18.8750000000000              285   27.7777786254883     
  -18.6250000000000              286   27.7777786254883     
  -18.3750000000000              287   27.7777786254883     
  -18.1250000000000              288   27.7777786254883     
  -17.8750000000000              289   27.7777786254883     
  -17.6250000000000              290   27.7777786254883     
  -17.3750000000000              291   27.7777786254883     
  -17.1250000000000              292   27.7777786254883     
  -16.8750000000000              293   27.7777786254883     
  -16.6250000000000              294   27.7777786254883     
  -16.3750000000000              295   27.7777786254883     
  -16.1250000000000              296   27.7777786254883     
  -15.8750000000000              297   27.7777786254883     
  -15.6250000000000              298   27.7777786254883     
  -15.3750000000000              299   27.7777786254883     
  -15.1250000000000              300   27.7777786254883     
  -14.8750000000000              301   27.7777786254883     
  -14.6250000000000              302   27.7777786254883     
  -14.3750000000000              303   27.7777786254883     
  -14.1250000000000              304   27.7777786254883     
  -13.8750000000000              305   27.7777786254883     
  -13.6250000000000              306   27.7777786254883     
  -13.3750000000000              307   27.7777786254883     
  -13.1250000000000              308   27.7777786254883     
  -12.8750000000000              309   27.7777786254883     
  -12.6250000000000              310   27.7777786254883     
  -12.3750000000000              311   27.7777786254883     
  -12.1250000000000              312   27.7777786254883     
  -11.8750000000000              313   27.7777786254883     
  -11.6250000000000              314   27.7777786254883     
  -11.3750000000000              315   27.7777786254883     
  -11.1250000000000              316   27.7777786254883     
  -10.8750000000000              317   27.7777786254883     
  -10.6250000000000              318   27.7777786254883     
  -10.3750000000000              319   27.7777786254883     
  -10.1250000000000              320   27.7777786254883     
  -9.87500000000000              321   27.7777786254883     
  -9.62500000000000              322   27.7777786254883     
  -9.37500000000000              323   27.7777786254883     
  -9.12500000000000              324   27.7777786254883     
  -8.87500000000000              325   27.7777786254883     
  -8.62500000000000              326   27.7777786254883     
  -8.37500000000000              327   27.7777786254883     
  -8.12500000000000              328   27.7777786254883     
  -7.87500000000000              329   27.7777786254883     
  -7.62500000000000              330   27.7777786254883     
  -7.37500000000000              331   27.7777786254883     
  -7.12500000000000              332   27.7777786254883     
  -6.87500000000000              333   27.7777786254883     
  -6.62500000000000              334   27.7777786254883     
  -6.37500000000000              335   27.7777786254883     
  -6.12500000000000              336   27.7777786254883     
  -5.87500000000000              337   27.7777786254883     
  -5.62500000000000              338   27.7777786254883     
  -5.37500000000000              339   27.7777786254883     
  -5.12500000000000              340   27.7777786254883     
  -4.87500000000000              341   27.7777786254883     
  -4.62500000000000              342   27.7777786254883     
  -4.37500000000000              343   27.7777786254883     
  -4.12500000000000              344   27.7777786254883     
  -3.87500000000000              345   27.7777786254883     
  -3.62500000000000              346   27.7777786254883     
  -3.37500000000000              347   27.7777786254883     
  -3.12500000000000              348   27.7777786254883     
  -2.87500000000000              349   27.7777786254883     
  -2.62500000000000              350   27.7777786254883     
  -2.37500000000000              351   27.7777786254883     
  -2.12500000000000              352   27.7777786254883     
  -1.87500000000000              353   27.7777786254883     
  -1.62500000000000              354   27.7777786254883     
  -1.37500000000000              355   27.7777786254883     
  -1.12500000000000              356   27.7777786254883     
 -0.875000000000000              357   27.7777786254883     
 -0.625000000000000              358   27.7777786254883     
 -0.375000000000000              359   27.7777786254883     
 -0.125000000000000              360   27.7777786254883     
  0.125000000000000              361   27.7777786254883     
  0.375000000000000              362   27.7777786254883     
  0.625000000000000              363   27.7777786254883     
  0.875000000000000              364   27.7777786254883     
   1.12500000000000              365   27.7777786254883     
   1.37500000000000              366   27.7777786254883     
   1.62500000000000              367   27.7777786254883     
   1.87500000000000              368   27.7777786254883     
   2.12500000000000              369   27.7777786254883     
   2.37500000000000              370   27.7777786254883     
   2.62500000000000              371   27.7777786254883     
   2.87500000000000              372   27.7777786254883     
   3.12500000000000              373   27.7777786254883     
   3.37500000000000              374   27.7777786254883     
   3.62500000000000              375   27.7777786254883     
   3.87500000000000              376   27.7777786254883     
   4.12500000000000              377   27.7777786254883     
   4.37500000000000              378   27.7777786254883     
   4.62500000000000              379   27.7777786254883     
   4.87500000000000              380   27.7777786254883     
   5.12500000000000              381   27.7777786254883     
   5.37500000000000              382   27.7777786254883     
   5.62500000000000              383   27.7777786254883     
   5.87500000000000              384   27.7777786254883     
   6.12500000000000              385   27.7777786254883     
   6.37500000000000              386   27.7777786254883     
   6.62500000000000              387   27.7777786254883     
   6.87500000000000              388   27.7777786254883     
   7.12500000000000              389   27.7777786254883     
   7.37500000000000              390   27.7777786254883     
   7.62500000000000              391   27.7777786254883     
   7.87500000000000              392   27.7777786254883     
   8.12500000000000              393   27.7777786254883     
   8.37500000000000              394   27.7777786254883     
   8.62500000000000              395   27.7777786254883     
   8.87500000000000              396   27.7777786254883     
   9.12500000000000              397   27.7777786254883     
   9.37500000000000              398   27.7777786254883     
   9.62500000000000              399   27.7777786254883     
   9.87500000000000              400   27.7777786254883     
   10.1250000000000              401   27.7777786254883     
   10.3750000000000              402   27.7777786254883     
   10.6250000000000              403   27.7777786254883     
   10.8750000000000              404   27.7777786254883     
   11.1250000000000              405   27.7777786254883     
   11.3750000000000              406   27.7777786254883     
   11.6250000000000              407   27.7777786254883     
   11.8750000000000              408   27.7777786254883     
   12.1250000000000              409   27.7777786254883     
   12.3750000000000              410   27.7777786254883     
   12.6250000000000              411   27.7777786254883     
   12.8750000000000              412   27.7777786254883     
   13.1250000000000              413   27.7777786254883     
   13.3750000000000              414   27.7777786254883     
   13.6250000000000              415   27.7777786254883     
   13.8750000000000              416   27.7777786254883     
   14.1250000000000              417   27.7777786254883     
   14.3750000000000              418   27.7777786254883     
   14.6250000000000              419   27.7777786254883     
   14.8750000000000              420   27.7777786254883     
   15.1250000000000              421   27.7777786254883     
   15.3750000000000              422   27.7777786254883     
   15.6250000000000              423   27.7777786254883     
   15.8750000000000              424   27.7777786254883     
   16.1250000000000              425   27.7777786254883     
   16.3750000000000              426   27.7777786254883     
   16.6250000000000              427   27.7777786254883     
   16.8750000000000              428   27.7777786254883     
   17.1250000000000              429   27.7777786254883     
   17.3750000000000              430   27.7777786254883     
   17.6250000000000              431   27.7777786254883     
   17.8750000000000              432   27.7777786254883     
   18.1250000000000              433   27.7777786254883     
   18.3750000000000              434   27.7777786254883     
   18.6250000000000              435   27.7777786254883     
   18.8750000000000              436   27.7777786254883     
   19.1250000000000              437   27.7777786254883     
   19.3750000000000              438   27.7777786254883     
   19.6250000000000              439   27.7777786254883     
   19.8750000000000              440   27.7777786254883     
   20.1250000000000              441   27.7777786254883     
   20.3750000000000              442   27.7777786254883     
   20.6250000000000              443   27.7777786254883     
   20.8750000000000              444   27.7777786254883     
   21.1250000000000              445   27.7777786254883     
   21.3750000000000              446   27.7777786254883     
   21.6250000000000              447   27.7777786254883     
   21.8750000000000              448   27.7777786254883     
   22.1250000000000              449   27.7777786254883     
   22.3750000000000              450   27.7777786254883     
   22.6250000000000              451   27.7777786254883     
   22.8750000000000              452   27.7777786254883     
   23.1250000000000              453   27.7777786254883     
   23.3750000000000              454   27.7777786254883     
   23.6250000000000              455   27.7777786254883     
   23.8750000000000              456   27.7777786254883     
   24.1250000000000              457   27.7777786254883     
   24.3750000000000              458   27.7777786254883     
   24.6250000000000              459   27.7777786254883     
   24.8750000000000              460   27.7777786254883     
   25.1250000000000              461   27.7777786254883     
   25.3750000000000              462   27.7777786254883     
   25.6250000000000              463   27.7777786254883     
   25.8750000000000              464   27.7777786254883     
   26.1250000000000              465   27.7777786254883     
   26.3750000000000              466   27.7777786254883     
   26.6250000000000              467   27.7777786254883     
   26.8750000000000              468   27.7777786254883     
   27.1250000000000              469   27.7777786254883     
   27.3750000000000              470   27.7777786254883     
   27.6250000000000              471   27.7777786254883     
   27.8750000000000              472   27.7777786254883     
   28.1250000000000              473   27.7777786254883     
   28.3750000000000              474   27.7777786254883     
   28.6250000000000              475   27.7777786254883     
   28.8750000000000              476   27.7777786254883     
   29.1250000000000              477   27.7777786254883     
   29.3750000000000              478   27.7777786254883     
   29.6250000000000              479   27.7777786254883     
   29.8750000000000              480   27.7777786254883     
   30.1250000000000              481   27.7777786254883     
   30.3750000000000              482   27.7777786254883     
   30.6250000000000              483   27.7777786254883     
   30.8750000000000              484   27.7777786254883     
   31.1250000000000              485   27.7777786254883     
   31.3750000000000              486   27.7777786254883     
   31.6250000000000              487   27.7777786254883     
   31.8750000000000              488   27.7777786254883     
   32.1250000000000              489   27.7777786254883     
   32.3750000000000              490   27.7777786254883     
   32.6250000000000              491   27.7777786254883     
   32.8750000000000              492   27.7777786254883     
   33.1250000000000              493   27.7777786254883     
   33.3750000000000              494   27.7777786254883     
   33.6250000000000              495   27.7777786254883     
   33.8750000000000              496   27.7777786254883     
   34.1250000000000              497   27.7777786254883     
   34.3750000000000              498   27.7777786254883     
   34.6250000000000              499   27.7777786254883     
   34.8750000000000              500   27.7777786254883     
   35.1250000000000              501   27.7777786254883     
   35.3750000000000              502   27.7777786254883     
   35.6250000000000              503   27.7777786254883     
   35.8750000000000              504   27.7777786254883     
   36.1250000000000              505   27.7777786254883     
   36.3750000000000              506   27.7777786254883     
   36.6250000000000              507   27.7777786254883     
   36.8750000000000              508   27.7777786254883     
   37.1250000000000              509   27.7777786254883     
   37.3750000000000              510   27.7777786254883     
   37.6250000000000              511   27.7777786254883     
   37.8750000000000              512   27.7777786254883     
   38.1250000000000              513   27.7777786254883     
   38.3750000000000              514   27.7777786254883     
   38.6250000000000              515   27.7777786254883     
   38.8750000000000              516   27.7777786254883     
   39.1250000000000              517   27.7777786254883     
   39.3750000000000              518   27.7777786254883     
   39.6250000000000              519   27.7777786254883     
   39.8750000000000              520   27.7777786254883     
   40.1250000000000              521   27.7777786254883     
   40.3750000000000              522   27.7777786254883     
   40.6250000000000              523   27.7777786254883     
   40.8750000000000              524   27.7777786254883     
   41.1250000000000              525   27.7777786254883     
   41.3750000000000              526   27.7777786254883     
   41.6250000000000              527   27.7777786254883     
   41.8750000000000              528   27.7777786254883     
   42.1250000000000              529   27.7777786254883     
   42.3750000000000              530   27.7777786254883     
   42.6250000000000              531   27.7777786254883     
   42.8750000000000              532   27.7777786254883     
   43.1250000000000              533   27.7777786254883     
   43.3750000000000              534   27.7777786254883     
   43.6250000000000              535   27.7777786254883     
   43.8750000000000              536   27.7777786254883     
   44.1250000000000              537   27.7777786254883     
   44.3750000000000              538   27.7777786254883     
   44.6250000000000              539   27.7777786254883     
   44.8750000000000              540   27.7777786254883     
   45.1250000000000              541   27.7777786254883     
   45.3750000000000              542   27.7777786254883     
   45.6250000000000              543   27.7777786254883     
   45.8750000000000              544   27.7777786254883     
   46.1250000000000              545   27.7777786254883     
   46.3750000000000              546   27.7777786254883     
   46.6250000000000              547   27.7777786254883     
   46.8750000000000              548   27.7777786254883     
   47.1250000000000              549   27.7777786254883     
   47.3750000000000              550   27.7777786254883     
   47.6250000000000              551   27.7777786254883     
   47.8750000000000              552   27.7777786254883     
   48.1250000000000              553   27.7777786254883     
   48.3750000000000              554   27.7777786254883     
   48.6250000000000              555   27.7777786254883     
   48.8750000000000              556   27.7777786254883     
   49.1250000000000              557   27.7777786254883     
   49.3750000000000              558   27.7777786254883     
   49.6250000000000              559   27.7777786254883     
   49.8750000000000              560   27.7777786254883     
   50.1250000000000              561   27.7777786254883     
   50.3750000000000              562   27.7777786254883     
   50.6250000000000              563   27.7777786254883     
   50.8750000000000              564   27.7777786254883     
   51.1250000000000              565   27.7777786254883     
   51.3750000000000              566   27.7777786254883     
   51.6250000000000              567   27.7777786254883     
   51.8750000000000              568   27.7777786254883     
   52.1250000000000              569   27.7777786254883     
   52.3750000000000              570   27.7777786254883     
   52.6250000000000              571   27.7777786254883     
   52.8750000000000              572   27.7777786254883     
   53.1250000000000              573   27.7777786254883     
   53.3750000000000              574   27.7777786254883     
   53.6250000000000              575   27.7777786254883     
   53.8750000000000              576   27.7777786254883     
   54.1250000000000              577   27.7777786254883     
   54.3750000000000              578   27.7777786254883     
   54.6250000000000              579   27.7777786254883     
   54.8750000000000              580   27.7777786254883     
   55.1250000000000              581   27.7777786254883     
   55.3750000000000              582   27.7777786254883     
   55.6250000000000              583   27.7777786254883     
   55.8750000000000              584   27.7777786254883     
   56.1250000000000              585   27.7777786254883     
   56.3750000000000              586   27.7777786254883     
   56.6250000000000              587   27.7777786254883     
   56.8750000000000              588   27.7777786254883     
   57.1250000000000              589   27.7777786254883     
   57.3750000000000              590   27.7777786254883     
   57.6250000000000              591   27.7777786254883     
   57.8750000000000              592   27.7777786254883     
   58.1250000000000              593   27.7777786254883     
   58.3750000000000              594   27.7777786254883     
   58.6250000000000              595   27.7777786254883     
   58.8750000000000              596   27.7777786254883     
   59.1250000000000              597   27.7777786254883     
   59.3750000000000              598   27.7777786254883     
   59.6250000000000              599   27.7777786254883     
   59.8750000000000              600   27.7777786254883     
   60.1250000000000              601   27.7777786254883     
   60.3750000000000              602   27.7777786254883     
   60.6250000000000              603   27.7777786254883     
   60.8750000000000              604   27.7777786254883     
   61.1250000000000              605   27.7777786254883     
   61.3750000000000              606   27.7777786254883     
   61.6250000000000              607   27.7777786254883     
   61.8750000000000              608   27.7777786254883     
   62.1250000000000              609   27.7777786254883     
   62.3750000000000              610   27.7777786254883     
   62.6250000000000              611   27.7777786254883     
   62.8750000000000              612   27.7777786254883     
   63.1250000000000              613   27.7777786254883     
   63.3750000000000              614   27.7777786254883     
   63.6250000000000              615   27.7777786254883     
   63.8750000000000              616   27.7777786254883     
   64.1250000000000              617   27.7777786254883     
   64.3750000000000              618   27.7777786254883     
   64.6250000000000              619   27.7777786254883     
   64.8750000000000              620   27.7777786254883     
   65.1250000000000              621   27.7777786254883     
   65.3750000000000              622   27.7777786254883     
   65.6250000000000              623   27.7777786254883     
   65.8750000000000              624   27.7777786254883     
   66.1250000000000              625   27.7777786254883     
   66.3750000000000              626   27.7777786254883     
   66.6250000000000              627   27.7777786254883     
   66.8750000000000              628   27.7777786254883     
   67.1250000000000              629   27.7777786254883     
   67.3750000000000              630   27.7777786254883     
   67.6250000000000              631   27.7777786254883     
   67.8750000000000              632   27.7777786254883     
   68.1250000000000              633   27.7777786254883     
   68.3750000000000              634   27.7777786254883     
   68.6250000000000              635   27.7777786254883     
   68.8750000000000              636   27.7777786254883     
   69.1250000000000              637   27.7777786254883     
   69.3750000000000              638   27.7777786254883     
   69.6250000000000              639   27.7777786254883     
   69.8750000000000              640   27.7777786254883     
   70.1250000000000              641   27.7777786254883     
   70.3750000000000              642   27.7777786254883     
   70.6250000000000              643   27.7777786254883     
   70.8750000000000              644   27.7777786254883     
   71.1250000000000              645   27.7777786254883     
   71.3750000000000              646   27.7777786254883     
   71.6250000000000              647   27.7777786254883     
   71.8750000000000              648   27.7777786254883     
   72.1250000000000              649   27.7777786254883     
   72.3750000000000              650   27.7777786254883     
   72.6250000000000              651   27.7777786254883     
   72.8750000000000              652   27.7777786254883     
   73.1250000000000              653   27.7777786254883     
   73.3750000000000              654   27.7777786254883     
   73.6250000000000              655   27.7777786254883     
   73.8750000000000              656   27.7777786254883     
   74.1250000000000              657   27.7777786254883     
   74.3750000000000              658   27.7777786254883     
   74.6250000000000              659   27.7777786254883     
   74.8750000000000              660   27.7777786254883     
   75.1250000000000              661   27.7777786254883     
   75.3750000000000              662   27.7777786254883     
   75.6250000000000              663   27.7777786254883     
   75.8750000000000              664   27.7777786254883     
   76.1250000000000              665   27.7777786254883     
   76.3750000000000              666   27.7777786254883     
   76.6250000000000              667   27.7777786254883     
   76.8750000000000              668   27.7777786254883     
   77.1250000000000              669   27.7777786254883     
   77.3750000000000              670   27.7777786254883     
   77.6250000000000              671   27.7777786254883     
   77.8750000000000              672   27.7777786254883     
   78.1250000000000              673   27.7777786254883     
   78.3750000000000              674   27.7777786254883     
   78.6250000000000              675   27.7777786254883     
   78.8750000000000              676   27.7777786254883     
   79.1250000000000              677   27.7777786254883     
   79.3750000000000              678   27.7777786254883     
   79.6250000000000              679   27.7777786254883     
   79.8750000000000              680   27.7777786254883     
   80.1250000000000              681   27.7777786254883     
   80.3750000000000              682   27.7777786254883     
   80.6250000000000              683   27.7777786254883     
   80.8750000000000              684   27.7777786254883     
   81.1250000000000              685   27.7777786254883     
   81.3750000000000              686   27.7777786254883     
   81.6250000000000              687   27.7777786254883     
   81.8750000000000              688   27.7777786254883     
   82.1250000000000              689   27.7777786254883     
   82.3750000000000              690   27.7777786254883     
   82.6250000000000              691   27.7777786254883     
   82.8750000000000              692   27.7777786254883     
   83.1250000000000              693   27.7777786254883     
   83.3750000000000              694   27.7777786254883     
   83.6250000000000              695   27.7777786254883     
   83.8750000000000              696   27.7777786254883     
   84.1250000000000              697   27.7777786254883     
   84.3750000000000              698   27.7777786254883     
   84.6250000000000              699   27.7777786254883     
   84.8750000000000              700   27.7777786254883     
   85.1250000000000              701   27.7777786254883     
   85.3750000000000              702   27.7777786254883     
   85.6250000000000              703   27.7777786254883     
   85.8750000000000              704   27.7777786254883     
   86.1250000000000              705   27.7777786254883     
   86.3750000000000              706   27.7777786254883     
   86.6250000000000              707   27.7777786254883     
   86.8750000000000              708   27.7777786254883     
   87.1250000000000              709   27.7777786254883     
   87.3750000000000              710   27.7777786254883     
   87.6250000000000              711   27.7777786254883     
   87.8750000000000              712   27.7777786254883     
   88.1250000000000              713   27.7777786254883     
   88.3750000000000              714   27.7777786254883     
   88.6250000000000              715   27.7777786254883     
   88.8750000000000              716   27.7777786254883     
   89.1250000000000              717   27.7777786254883     
   89.3750000000000              718   27.7777786254883     
   89.6250000000000              719   27.7777786254883     
   89.8750000000000              720   27.7777786254883     
