  -88.9000000000000                1   214.196677811041     
  -86.9722298997006                2   198.725273256538     
  -85.1837024403918                3   184.371366701236     
  -83.5243601400807                4   171.054241376736     
  -81.9848719676901                5   158.699010678726     
  -80.5565808715815                6   147.236197054811     
  -79.2314550980882                7   136.601341309238     
  -78.0020430263051                8   126.734640127498     
  -76.8614312651576                9   117.580609782493     
  -75.8032057771152               10   109.087774131164     
  -74.8214158099347               11   101.208375147105     
  -73.9105404336107               12   93.8981043613628     
  -73.0654574943585               13   87.1158537012633     
  -72.2814148110471               14   80.8234843260844     
  -71.5540034521123               15   74.9856121597566     
  -70.8791329426745               16   69.5694089144657     
  -70.2530082624443               17   64.5444174863409     
  -69.6721085050673               18   59.8823806850659     
  -69.1331670789017               19   55.5570823343490     
  -68.6331533378925               20   51.5441998496774     
  -68.1692555392454               21   47.8211674643853     
  -67.7388650320660               22   44.3670493348678     
  -67.3395615880522               23   41.1624218113944     
  -66.9690997917496               24   38.1892642125226     
  -66.6253964138369               25   35.4308574888115     
  -66.3065186964376               26   32.8716902060869     
  -66.0106734845828               27   30.4973713195109     
  -65.7361971427072               28   28.2945492479677     
  -65.4815461994755               29   26.2508367937121     
  -65.2452886683321               30   24.3547414850459     
  -65.0260959949667               31   22.5956009503455     
  -64.8227355864136               32   20.9635229600262     
  -64.6340638797734               33   19.4493297992532     
  -64.4590199115801               34   18.0445066586085     
  -64.2966193516526               35   16.7411537525071     
  -64.1459489678800               36   15.5319418960921     
  -64.0061614908152               37   14.4100712907813     
  -63.8764708491982               38   13.3692332867683     
  -63.7561477496173               39   12.4035749073915     
  -63.6445155754507               40   11.5076659359011     
  -63.5409465820276               41   10.6764683795630     
  -63.4448583666116               42   9.90530813934893     
  -63.3557105933574               43   9.18984872594090     
  -63.2730019548239               44   8.82684188082787     
  -63.1935603778965               45   8.82023311731770     
  -63.1141782798406               46   8.84440134416388     
  -63.0345786677432               47   8.86861867671642     
  -62.9547610996527               48   8.89288506169489     
  -62.8747251340975               49   8.91720044417197     
  -62.7944703300999               50   8.94156476754738     
  -62.7139962471920               51   8.96597797354717     
  -62.6333024454301               52   8.99044000220310     
  -62.5523884854102               53   9.01495079183532     
  -62.4712539282837               54   9.03951027905079     
  -62.3898983357723               55   9.06411839871326     
  -62.3083212701838               56   9.08877508394726     
  -62.2265222944283               57   9.11348026610960     
  -62.1445009720333               58   9.13823387478314     
  -62.0622568671603               59   9.16303583776094     
  -61.9797895446204               60   9.18788608103051     
  -61.8970985698912               61   9.21278452876351     
  -61.8141835091323               62   9.23773110329999     
  -61.7310439292026               63   9.26272572513259     
  -61.6476793976764               64   9.28776831289232     
  -61.5640894828604               65   9.31285878333910     
  -61.4802737538103               66   9.33799705134359     
  -61.3962317803482               67   9.36318302986826     
  -61.3119631330794               68   9.38841662996658     
  -61.2274673834097               69   9.41369776075223     
  -61.1427441035629               70   9.43902632940071     
  -61.0577928665983               71   9.46440224111771     
  -60.9726132464283               72   9.48982539914154     
  -60.8872048178360               73   9.51529570471779     
  -60.8015671564935               74   9.54081305708520     
  -60.7156998389798               75   9.56637735346927     
  -60.6296024427985               76   9.59198848905708     
  -60.5432745463970               77   9.61764635698930     
  -60.4567157291841               78   9.64335084834368     
  -60.3699255715490               79   9.66910185212081     
  -60.2829036548799               80   9.69489925522598     
  -60.1956495615829               81   9.72074294246126     
  -60.1081628751008               82   9.74663279650498     
  -60.0204431799322               83   9.77256869789361     
  -59.9324900616512               84   9.79855052502011     
  -59.8443031069260               85   9.82457815410400     
  -59.7558819035391               86   9.85065145918579     
  -59.6672260404064               87   9.87677031210884     
  -59.5783351075974               88   9.90293458250433     
  -59.4892086963549               89   9.92914413777473     
  -59.3998463991149               90   9.95539884308430     
  -59.3102478095271               91   9.98169856133697     
  -59.2204125224751               92   10.0080431531677     
  -59.1303401340966               93   10.0344324769195     
  -59.0400302418043               94   10.0608663886364     
  -58.9494824443066               95   10.0873447420461     
  -58.8586963416282               96   10.1138673885417     
  -58.7676715351313               97   10.1404341771646     
  -58.6764076275368               98   10.1670449546023     
  -58.5849042229454               99   10.1936995651547     
  -58.4931609268590              100   10.2203978507352     
  -58.4011773462024              101   10.2471396508450     
  -58.3089530893448              102   10.2739248025598     
  -58.2164877661217              103   10.3007531405221     
  -58.1237809878570              104   10.3276244969127     
  -58.0308323673848              105   10.3545387014492     
  -57.9376415190718              106   10.3814955813617     
  -57.8442080588395              107   10.4084949613781     
  -57.7505316041871              108   10.4355366637137     
  -57.6566117742137              109   10.4626205080546     
  -57.5624481896412              110   10.4897463115381     
  -57.4680404728374              111   10.5169138887409     
  -57.3733882478387              112   10.5441230516661     
  -57.2784911403737              113   10.5713736097215     
  -57.1833487778862              114   10.5986653697114     
  -57.0879607895588              115   10.6259981358182     
  -56.9923268063365              116   10.6533717095848     
  -56.8964464609502              117   10.6807858899063     
  -56.8003193879410              118   10.7082404730055     
  -56.7039452236840              119   10.7357352524286     
  -56.6073236064121              120   10.7632700190194     
  -56.5104541762409              121   10.7908445609116     
  -56.4133365751927              122   10.8184586635124     
  -56.3159704472211              123   10.8461121094826     
  -56.2183554382358              124   10.8738046787317     
  -56.1204911961272              125   10.9015361483908     
  -56.0223773707917              126   10.9293062928065     
  -55.9240136141564              127   10.9571148835251     
  -55.8253995802047              128   10.9849616892714     
  -55.7265349250013              129   11.0128464759419     
  -55.6274193067178              130   11.0407690065841     
  -55.5280523856585              131   11.0687290413867     
  -55.4284338242860              132   11.0967263376599     
  -55.3285632872471              133   11.1247606498258     
  -55.2284404413987              134   11.1528317293990     
  -55.1280649558341              135   11.1809393249745     
  -55.0274365019093              136   11.2090831822142     
  -54.9265547532694              137   11.2372630438323     
  -54.8254193858749              138   11.2654786495783     
  -54.7240300780287              139   11.2937297362237     
  -54.6223865104027              140   11.3220160375502     
  -54.5204883660647              141   11.3503372843348     
  -54.4183353305057              142   11.3786932043291     
  -54.3159270916668              143   11.4070835222601     
  -54.2132633399664              144   11.4355079597972     
  -54.1103437683282              145   11.4639662355553     
  -54.0071680722082              146   11.4924580650700     
  -53.9037359496226              147   11.5209831607888     
  -53.8000471011755              148   11.5495412320586     
  -53.6961012300870              149   11.5781319851030     
  -53.5918980422211              150   11.6067551230243     
  -53.4874372461138              151   11.6354103457760     
  -53.3827185530019              152   11.6640973501553     
  -53.2777416768505              153   11.6928158297927     
  -53.1725063343823              154   11.7215654751324     
  -53.0670122451061              155   11.7503459734236     
  -52.9612591313453              156   11.7791570087083     
  -52.8552467182669              157   11.8079982618045     
  -52.7489747339107              158   11.8368694102979     
  -52.6424429092180              159   11.8657701285253     
  -52.5356509780613              160   11.8947000875656     
  -52.4285986772732              161   11.9236589552258     
  -52.3212857466762              162   11.9526463960271     
  -52.2137119291119              163   11.9816620712001     
  -52.1058769704711              164   12.0107056386587     
  -51.9977806197232              165   12.0397767530033     
  -51.8894226289462              166   12.0688750655028     
  -51.7808027533566              167   12.0980002240793     
  -51.6719207513399              168   12.1271518733026     
  -51.5627763844802              169   12.1563296543741     
  -51.4533694175908              170   12.1855332051221     
  -51.3436996187447              171   12.2147621599835     
  -51.2337667593049              172   12.2440161499971     
  -51.1235706139549              173   12.2732948027912     
  -51.0131109607298              174   12.3025977425771     
  -50.9023875810466              175   12.3319245901301     
  -50.7914002597354              176   12.3612749627884     
  -50.6801487850703              177   12.3906484744351     
  -50.5686329488004              178   12.4200447354986     
  -50.4568525461809              179   12.4494633529303     
  -50.3448073760046              180   12.4789039302063     
  -50.2324972406327              181   12.5083660673084     
  -50.1199219460269              182   12.5378493607210     
  -50.0070813017804              183   12.5673534034231     
  -49.8939751211496              184   12.5968777848758     
  -49.7806032210857              185   12.6264220910094     
  -49.6669654222667              186   12.6559859042301     
  -49.5530615491286              187   12.6855688033937     
  -49.4388914298980              188   12.7151703638080     
  -49.3244548966238              189   12.7447901572250     
  -49.2097517852087              190   12.7744277518289     
  -49.0947819354423              191   12.8040827122315     
  -48.9795451910322              192   12.8337545994626     
  -48.8640413996370              193   12.8634429709685     
  -48.7482704128983              194   12.8931473805957     
  -48.6322320864730              195   12.9228673785957     
  -48.5159262800656              196   12.9526025116099     
  -48.3993528574611              197   12.9823523226662     
  -48.2825116865571              198   13.0121163511758     
  -48.1654026393965              199   13.0418941329206     
  -48.0480255922002              200   13.0716852000611     
  -47.9303804253997              201   13.1014890811127     
  -47.8124670236697              202   13.1313053009592     
  -47.6942852759611              203   13.1611333808337     
  -47.5758350755335              204   13.1909728383243     
  -47.4571163199886              205   13.2208231873645     
  -47.3381289113023              206   13.2506839382308     
  -47.2188727558583              207   13.2805545975398     
  -47.0993477644804              208   13.3104346682447     
  -46.9795538524662              209   13.3403236496292     
  -46.8594909396195              210   13.3702210373138     
  -46.7391589502837              211   13.4001263232375     
  -46.6185578133746              212   13.4300389956752     
  -46.4976874624135              213   13.4599585392192     
  -46.3765478355605              214   13.4898844347862     
  -46.2551388756475              215   13.5198161596135     
  -46.1334605302109              216   13.5497531872599     
  -46.0115127515256              217   13.5796949876029     
  -45.8892954966372              218   13.6096410268386     
  -45.7668087273956              219   13.6395907674817     
  -45.6440524104883              220   13.6695436683686     
  -45.5210265174730              221   13.6994991846535     
  -45.3977310248111              222   13.7294567678118     
  -45.2741659139008              223   13.7594158656403     
  -45.1503311711100              224   13.7893759222610     
  -45.0262267878097              225   13.8193363781198     
  -44.9018527604066              226   13.8492966699902     
  -44.7772090903767              227   13.8792562309789     
  -44.6522957842979              228   13.9092144905233     
  -44.5271128538832              229   13.9391708743959     
  -44.4016603160136              230   13.9691248047116     
  -44.2759381927712              231   13.9990756999306     
  -44.1499465114718              232   14.0290229748601     
  -44.0236853046981              233   14.0589660406584     
  -43.8971546103322              234   14.0889043048457     
  -43.7703544715885              235   14.1188371713020     
  -43.6432849370468              236   14.1487640402842     
  -43.5159460606843              237   14.1786843084143     
  -43.3883379019085              238   14.2085973687058     
  -43.2604605255902              239   14.2385026105585     
  -43.1323140020952              240   14.2683994197665     
  -43.0038984073173              241   14.2982871785320     
  -42.8752138227105              242   14.3281652654687     
  -42.7462603353213              243   14.3580330556108     
  -42.6170380378208              244   14.3878899204234     
  -42.4875470285370              245   14.4177352278100     
  -42.3577874114867              246   14.4475683421269     
  -42.2277592964075              247   14.4773886241857     
  -42.0974627987898              248   14.5071954312720     
  -41.9668980399084              249   14.5369881171465     
  -41.8360651468541              250   14.5667660320722     
  -41.7049642525654              251   14.5965285228095     
  -41.5735954958601              252   14.6262749326351     
  -41.4419590214664              253   14.6560046013601     
  -41.3100549800542              254   14.6857168653369     
  -41.1778835282662              255   14.7154110574724     
  -41.0454448287489              256   14.7450865072464     
  -40.9127390501837              257   14.7747425407216     
  -40.7797663673172              258   14.8043784805631     
  -40.6465269609921              259   14.8339936460510     
  -40.5130210181777              260   14.8635873530938     
  -40.3792487319998              261   14.8931589142541     
  -40.2452103017715              262   14.9227076387525     
  -40.1109059330228              263   14.9522328324952     
  -39.9763358375303              264   14.9817337980862     
  -39.8415002333475              265   15.0112098348474     
  -39.7063993448339              266   15.0406602388394     
  -39.5710334026843              267   15.0700843028773     
  -39.4354026439585              268   15.0994813165492     
  -39.2995073121095              269   15.1288505662406     
  -39.1633476570133              270   15.1581913351527     
  -39.0269239349970              271   15.1875029033243     
  -38.8902364088671              272   15.2167845476525     
  -38.7532853479382              273   15.2460355419137     
  -38.6160710280610              274   15.2752551567880     
  -38.4785937316499              275   15.3044426598857     
  -38.3408537477109              276   15.3335973157580     
  -38.2028513718691              277   15.3627183859418     
  -38.0645869063956              278   15.3918051289621     
  -37.9260606602349              279   15.4208568003721     
  -37.7872729490316              280   15.4498726527742     
  -37.6482240951566              281   15.4788519358438     
  -37.5089144277340              282   15.5077938963623     
  -37.3693442826668              283   15.5366977782323     
  -37.2295140026627              284   15.5655628225201     
  -37.0894239372600              285   15.5943882674718     
  -36.9490744428527              286   15.6231733485489     
  -36.8084658827158              287   15.6519172984544     
  -36.6675986270297              288   15.6806193471629     
  -36.5264730529053              289   15.7092787219513     
  -36.3850895444077              290   15.7378946474296     
  -36.2434484925808              291   15.7664663455692     
  -36.1015502954707              292   15.7949930357420     
  -35.9593953581490              293   15.8234739347418     
  -35.8169840927363              294   15.8519082568292     
  -35.6743169184249              295   15.8802952137533     
  -35.5313942615011              296   15.9086340147938     
  -35.3882165553680              297   15.9369238667940     
  -35.2447842405668              298   15.9651639741930     
  -35.1010977647991              299   15.9933535390585     
  -34.9571575829476              300   16.0214917611330     
  -34.8129641570974              301   16.0495778378610     
  -34.6685179565566              302   16.0776109644279     
  -34.5238194578768              303   16.1055903337986     
  -34.3788691448726              304   16.1335151367597     
  -34.2336675086417              305   16.1613845619478     
  -34.0882150475842              306   16.1891977958991     
  -33.9425122674211              307   16.2169540230792     
  -33.7965596812134              308   16.2446524259378     
  -33.6503578093800              309   16.2722921849318     
  -33.5039071797156              310   16.2998724785789     
  -33.3572083274084              311   16.3273924834928     
  -33.2102617950569              312   16.3548513744318     
  -33.0630681326870              313   16.3822483243344     
  -32.9156278977680              314   16.4095825043683     
  -32.7679416552287              315   16.4368530839714     
  -32.6200099774730              316   16.4640592308945     
  -32.4718334443949              317   16.4912001112533     
  -32.3234126433936              318   16.5182748895616     
  -32.1747481693876              319   16.5452827287914     
  -32.0258406248285              320   16.5722227904100     
  -31.8766906197148              321   16.5990942344266     
  -31.7272987716049              322   16.6258962194463     
  -31.5776657056299              323   16.6526279027117     
  -31.4277920545055              324   16.6792884401548     
  -31.2776784585441              325   16.7058769864441     
  -31.1273255656661              326   16.7323926950355     
  -30.9767340314108              327   16.7588347182214     
  -30.8259045189468              328   16.7852022071805     
  -30.6748376990822              329   16.8114943120313     
  -30.5235342502739              330   16.8377101818796     
  -30.3719948586370              331   16.8638489648739     
  -30.2202202179531              332   16.8899098082570     
  -30.0682110296788              333   16.9158918584150     
  -29.9159680029531              334   16.9417942609391     
  -29.7634918546046              335   16.9676161606690     
  -29.6107833091586              336   16.9933567017553     
  -29.4578430988428              337   17.0190150277117     
  -29.3046719635934              338   17.0445902814676     
  -29.1512706510602              339   17.0700816054270     
  -28.9976399166113              340   17.0954881415248     
  -28.8437805233376              341   17.1208090312807     
  -28.6896932420561              342   17.1460434158581     
  -28.5353788513134              343   17.1711904361212     
  -28.3808381373883              344   17.1962492326914     
  -28.2260718942941              345   17.2212189460106     
  -28.0710809237800              346   17.2460987163920     
  -27.9158660353324              347   17.2708876840859     
  -27.7604280461757              348   17.2955849893373     
  -27.6047677812716              349   17.3201897724443     
  -27.4488860733196              350   17.3447011738198     
  -27.2927837627552              351   17.3691183340531     
  -27.1364616977488              352   17.3934403939700     
  -26.9799207342030              353   17.4176664946925     
  -26.8231617357508              354   17.4417957777059     
  -26.6661855737515              355   17.4658273849163     
  -26.5089931272872              356   17.4897604587147     
  -26.3515852831588              357   17.5135941420403     
  -26.1939629358804              358   17.5373275784448     
  -26.0361269876744              359   17.5609599121553     
  -25.8780783484650              360   17.5844902881370     
  -25.7198179358718              361   17.6079178521596     
  -25.5613466752023              362   17.6312417508622     
  -25.4026654994446              363   17.6544611318169     
  -25.2437753492582              364   17.6775751435944     
  -25.0846771729659              365   17.7005829358320     
  -24.9253719265434              366   17.7234836592955     
  -24.7658605736097              367   17.7462764659487     
  -24.6061440854162              368   17.7689605090213     
  -24.4462234408350              369   17.7915349430688     
  -24.2860996263474              370   17.8139989240494     
  -24.1257736360309              371   17.8363516093825     
  -23.9652464715465              372   17.8585921580220     
  -23.8045191421243              373   17.8807197305224     
  -23.6435926645496              374   17.9027334891053     
  -23.4824680631477              375   17.9246325977320     
  -23.3211463697681              376   17.9464162221659     
  -23.1596286237686              377   17.9680835300482     
  -22.9979158719981              378   17.9896336909601     
  -22.8360091687795              379   18.0110658764987     
  -22.6739095758910              380   18.0323792603391     
  -22.5116181625480              381   18.0535730183102     
  -22.3491360053832              382   18.0746463284617     
  -22.1864641884270              383   18.0955983711328     
  -22.0236038030868              384   18.1164283290245     
  -21.8605559481256              385   18.1371353872690     
  -21.6973217296402              386   18.1577187334972     
  -21.5339022610387              387   18.1781775579155     
  -21.3702986630175              388   18.1985110533679     
  -21.2065120635371              389   18.2187184154140     
  -21.0425435977984              390   18.2387988423957     
  -20.8783944082169              391   18.2587515355072     
  -20.7140656443973              392   18.2785756988690     
  -20.5495584631075              393   18.2982705395973     
  -20.3848740282511              394   18.3178352678723     
  -20.2200135108402              395   18.3372690970142     
  -20.0549780889671              396   18.3565712435502     
  -19.8897689477752              397   18.3757409272845     
  -19.7243872794296              398   18.3947773713753     
  -19.5588342830872              399   18.4136798023999     
  -19.3931111648656              400   18.4324474504254     
  -19.2272191378118              401   18.4510795490864     
  -19.0611594218700              402   18.4695753356460     
  -18.8949332438492              403   18.4879340510761     
  -18.7285418373895              404   18.5061549401202     
  -18.5619864429284              405   18.5242372513707     
  -18.3952683076661              406   18.5421802373343     
  -18.2283886855301              407   18.5599831545057     
  -18.0613488371395              408   18.5776452634351     
  -17.8941500297686              409   18.5951658288030     
  -17.7267935373094              410   18.6125441194854     
  -17.5592806402340              411   18.6297794086256     
  -17.3916126255564              412   18.6468709737066     
  -17.2237907867930              413   18.6638180966155     
  -17.0558164239235              414   18.6806200637173     
  -16.8876908433501              415   18.6972761659226     
  -16.7194153578567              416   18.7137856987568     
  -16.5509912865679              417   18.7301479624288     
  -16.3824199549061              418   18.7463622619002     
  -16.2137026945490              419   18.7624279069520     
  -16.0448408433864              420   18.7783442122556     
  -15.8758357454761              421   18.7941104974383     
  -15.7066887509992              422   18.8097260871515     
  -15.5374012162148              423   18.8251903111385     
  -15.3679745034146              424   18.8405025043017     
  -15.1984099808758              425   18.8556620067677     
  -15.0287090228149              426   18.8706681639559     
  -14.8588730093393              427   18.8855203266435     
  -14.6889033263995              428   18.9002178510304     
  -14.5188013657403              429   18.9147600988062     
  -14.3485685248510              430   18.9291464372139     
  -14.1782062069161              431   18.9433762391159     
  -14.0077158207640              432   18.9574488830565     
  -13.8370987808165              433   18.9713637533264     
  -13.6663565070366              434   18.9851202400278     
  -13.4954904248763              435   18.9987177391340     
  -13.3245019652241              436   19.0121556525554     
  -13.1533925643511              437   19.0254333881986     
  -12.9821636638573              438   19.0385503600310     
  -12.8108167106171              439   19.0515059881395     
  -12.6393531567238              440   19.0642996987924     
  -12.4677744594347              441   19.0769309244991     
  -12.2960820811142              442   19.0893991040701     
  -12.1242774891776              443   19.1017036826763     
  -11.9523621560335              444   19.1138441119071     
  -11.7803375590263              445   19.1258198498290     
  -11.6082051803778              446   19.1376303610424     
  -11.4359665071285              447   19.1492751167400     
  -11.2636230310778              448   19.1607535947617     
  -11.0911762487249              449   19.1720652796506     
  -10.9186276612081              450   19.1832096627095     
  -10.7459787742437              451   19.1941862420543     
  -10.5732310980652              452   19.2049945226683     
  -10.4003861473612              453   19.2156340164554     
  -10.2274454412131              454   19.2261042422938     
  -10.0544105030325              455   19.2364047260861     
  -9.88128286049769              456   19.2465350008134     
  -9.70806404549037              457   19.2564946065836     
  -9.53475559403111              458   19.2662830906830     
  -9.36135904621497              459   19.2759000076248     
  -9.18787594614634              460   19.2853449191986     
  -9.01430784187356              461   19.2946173945177     
  -8.84065628532290              462   19.3037170100667     
  -8.66692283223230              463   19.3126433497479     
  -8.49310904208457              464   19.3213960049273     
  -8.31921647804022              465   19.3299745744794     
  -8.14524670686991              466   19.3383786648320     
  -7.97120129888642              467   19.3466078900084     
  -7.79708182787634              468   19.3546618716721     
  -7.62288987103129              469   19.3625402391674     
  -7.44862700887879              470   19.3702426295606     
  -7.27429482521274              471   19.3777686876818     
  -7.09989490702360              472   19.3851180661620     
  -6.92542884442815              473   19.3922904254747     
  -6.75089823059887              474   19.3992854339717     
  -6.57630466169313              475   19.4061027679208     
  -6.40164973678184              476   19.4127421115429     
  -6.22693505777795              477   19.4192031570459     
  -6.05216222936454              478   19.4254856046612     
  -5.87733285892259              479   19.4315891626754     
  -5.70244855645851              480   19.4375135474646     
  -5.52751093453133              481   19.4432584835256     
  -5.35252160817960              482   19.4488237035075     
  -5.17748219484803              483   19.4542089482413     
  -5.00239431431386              484   19.4594139667699     
  -4.82725958861293              485   19.4644385163760     
  -4.65207964196555              486   19.4692823626095     
  -4.47685610070206              487   19.4739452793151     
  -4.30159059318823              488   19.4784270486562     
  -4.12628474975032              489   19.4827274611414     
  -3.95094020260005              490   19.4868463156474     
  -3.77555858575922              491   19.4907834194418     
  -3.60014153498425              492   19.4945385882056     
  -3.42469068769039              493   19.4981116460539     
  -3.24920768287591              494   19.5015024255557     
  -3.07369416104591              495   19.5047107677536     
  -2.89815176413613              496   19.5077365221813     
  -2.72258213543649              497   19.5105795468814     
  -2.54698691951456              498   19.5132397084211     
  -2.37136776213877              499   19.5157168819080     
  -2.19572631020160              500   19.5180109510037     
  -2.02006421164257              501   19.5201218079378     
  -1.84438311537113              502   19.5220493535199     
  -1.66868467118945              503   19.5237934971510     
  -1.49297052971509              504   19.5253541568337     
  -1.31724234230358              505   19.5267312591822     
  -1.14150176097094              506   19.5279247394300     
 -0.965750438316075              507   19.5289345414378     
 -0.789990027443135              508   19.5297606176996     
 -0.614222181883839              509   19.5304029293487     
 -0.438448555519701              510   19.5308614461614     
 -0.262670802504248              511   19.5311361465612     
 -8.689057718519787E-002         512   19.3090171522662     
  8.689057718519787E-002         513   19.5311361465612     
  0.262670802504248              514   19.5308614461614     
  0.438448555519701              515   19.5304029293487     
  0.614222181883839              516   19.5297606176996     
  0.789990027443135              517   19.5289345414378     
  0.965750438316075              518   19.5279247394300     
   1.14150176097094              519   19.5267312591822     
   1.31724234230358              520   19.5253541568337     
   1.49297052971509              521   19.5237934971510     
   1.66868467118945              522   19.5220493535199     
   1.84438311537113              523   19.5201218079378     
   2.02006421164257              524   19.5180109510037     
   2.19572631020160              525   19.5157168819080     
   2.37136776213877              526   19.5132397084211     
   2.54698691951456              527   19.5105795468814     
   2.72258213543649              528   19.5077365221813     
   2.89815176413613              529   19.5047107677536     
   3.07369416104591              530   19.5015024255557     
   3.24920768287591              531   19.4981116460539     
   3.42469068769039              532   19.4945385882056     
   3.60014153498425              533   19.4907834194418     
   3.77555858575922              534   19.4868463156474     
   3.95094020260005              535   19.4827274611414     
   4.12628474975032              536   19.4784270486562     
   4.30159059318823              537   19.4739452793151     
   4.47685610070206              538   19.4692823626095     
   4.65207964196555              539   19.4644385163760     
   4.82725958861293              540   19.4594139667699     
   5.00239431431386              541   19.4542089482413     
   5.17748219484803              542   19.4488237035075     
   5.35252160817960              543   19.4432584835256     
   5.52751093453133              544   19.4375135474646     
   5.70244855645851              545   19.4315891626754     
   5.87733285892259              546   19.4254856046612     
   6.05216222936454              547   19.4192031570459     
   6.22693505777795              548   19.4127421115429     
   6.40164973678184              549   19.4061027679208     
   6.57630466169313              550   19.3992854339717     
   6.75089823059887              551   19.3922904254747     
   6.92542884442815              552   19.3851180661620     
   7.09989490702360              553   19.3777686876818     
   7.27429482521274              554   19.3702426295606     
   7.44862700887879              555   19.3625402391674     
   7.62288987103129              556   19.3546618716721     
   7.79708182787634              557   19.3466078900084     
   7.97120129888642              558   19.3383786648320     
   8.14524670686991              559   19.3299745744794     
   8.31921647804022              560   19.3213960049273     
   8.49310904208457              561   19.3126433497479     
   8.66692283223230              562   19.3037170100667     
   8.84065628532290              563   19.2946173945177     
   9.01430784187356              564   19.2853449191986     
   9.18787594614634              565   19.2759000076248     
   9.36135904621497              566   19.2662830906830     
   9.53475559403111              567   19.2564946065836     
   9.70806404549037              568   19.2465350008134     
   9.88128286049769              569   19.2364047260861     
   10.0544105030325              570   19.2261042422938     
   10.2274454412131              571   19.2156340164554     
   10.4003861473612              572   19.2049945226683     
   10.5732310980652              573   19.1941862420543     
   10.7459787742437              574   19.1832096627095     
   10.9186276612081              575   19.1720652796506     
   11.0911762487249              576   19.1607535947617     
   11.2636230310778              577   19.1492751167400     
   11.4359665071285              578   19.1376303610424     
   11.6082051803778              579   19.1258198498290     
   11.7803375590263              580   19.1138441119071     
   11.9523621560335              581   19.1017036826763     
   12.1242774891776              582   19.0893991040701     
   12.2960820811142              583   19.0769309244991     
   12.4677744594347              584   19.0642996987924     
   12.6393531567238              585   19.0515059881395     
   12.8108167106171              586   19.0385503600310     
   12.9821636638573              587   19.0254333881986     
   13.1533925643511              588   19.0121556525554     
   13.3245019652241              589   18.9987177391340     
   13.4954904248763              590   18.9851202400278     
   13.6663565070366              591   18.9713637533264     
   13.8370987808165              592   18.9574488830565     
   14.0077158207640              593   18.9433762391159     
   14.1782062069161              594   18.9291464372139     
   14.3485685248510              595   18.9147600988062     
   14.5188013657403              596   18.9002178510304     
   14.6889033263995              597   18.8855203266435     
   14.8588730093393              598   18.8706681639559     
   15.0287090228149              599   18.8556620067677     
   15.1984099808758              600   18.8405025043017     
   15.3679745034146              601   18.8251903111385     
   15.5374012162148              602   18.8097260871515     
   15.7066887509992              603   18.7941104974383     
   15.8758357454761              604   18.7783442122556     
   16.0448408433864              605   18.7624279069520     
   16.2137026945490              606   18.7463622619002     
   16.3824199549061              607   18.7301479624288     
   16.5509912865679              608   18.7137856987568     
   16.7194153578567              609   18.6972761659226     
   16.8876908433501              610   18.6806200637173     
   17.0558164239235              611   18.6638180966155     
   17.2237907867930              612   18.6468709737066     
   17.3916126255564              613   18.6297794086256     
   17.5592806402340              614   18.6125441194854     
   17.7267935373094              615   18.5951658288030     
   17.8941500297686              616   18.5776452634351     
   18.0613488371395              617   18.5599831545057     
   18.2283886855301              618   18.5421802373343     
   18.3952683076661              619   18.5242372513707     
   18.5619864429284              620   18.5061549401202     
   18.7285418373895              621   18.4879340510761     
   18.8949332438492              622   18.4695753356460     
   19.0611594218700              623   18.4510795490864     
   19.2272191378118              624   18.4324474504254     
   19.3931111648656              625   18.4136798023999     
   19.5588342830872              626   18.3947773713753     
   19.7243872794296              627   18.3757409272845     
   19.8897689477752              628   18.3565712435502     
   20.0549780889671              629   18.3372690970142     
   20.2200135108402              630   18.3178352678723     
   20.3848740282511              631   18.2982705395973     
   20.5495584631075              632   18.2785756988690     
   20.7140656443973              633   18.2587515355072     
   20.8783944082169              634   18.2387988423957     
   21.0425435977984              635   18.2187184154140     
   21.2065120635371              636   18.1985110533679     
   21.3702986630175              637   18.1781775579155     
   21.5339022610387              638   18.1577187334972     
   21.6973217296402              639   18.1371353872690     
   21.8605559481256              640   18.1164283290245     
   22.0236038030868              641   18.0955983711328     
   22.1864641884270              642   18.0746463284617     
   22.3491360053832              643   18.0535730183102     
   22.5116181625480              644   18.0323792603391     
   22.6739095758910              645   18.0110658764987     
   22.8360091687795              646   17.9896336909601     
   22.9979158719981              647   17.9680835300482     
   23.1596286237686              648   17.9464162221659     
   23.3211463697681              649   17.9246325977320     
   23.4824680631477              650   17.9027334891053     
   23.6435926645496              651   17.8807197305224     
   23.8045191421243              652   17.8585921580220     
   23.9652464715465              653   17.8363516093825     
   24.1257736360309              654   17.8139989240494     
   24.2860996263474              655   17.7915349430688     
   24.4462234408350              656   17.7689605090213     
   24.6061440854162              657   17.7462764659487     
   24.7658605736097              658   17.7234836592955     
   24.9253719265434              659   17.7005829358320     
   25.0846771729659              660   17.6775751435944     
   25.2437753492582              661   17.6544611318169     
   25.4026654994446              662   17.6312417508622     
   25.5613466752023              663   17.6079178521596     
   25.7198179358718              664   17.5844902881370     
   25.8780783484650              665   17.5609599121553     
   26.0361269876744              666   17.5373275784448     
   26.1939629358804              667   17.5135941420403     
   26.3515852831588              668   17.4897604587147     
   26.5089931272872              669   17.4658273849163     
   26.6661855737515              670   17.4417957777059     
   26.8231617357508              671   17.4176664946925     
   26.9799207342030              672   17.3934403939700     
   27.1364616977488              673   17.3691183340531     
   27.2927837627552              674   17.3447011738198     
   27.4488860733196              675   17.3201897724443     
   27.6047677812716              676   17.2955849893373     
   27.7604280461757              677   17.2708876840859     
   27.9158660353324              678   17.2460987163920     
   28.0710809237800              679   17.2212189460106     
   28.2260718942941              680   17.1962492326914     
   28.3808381373883              681   17.1711904361212     
   28.5353788513134              682   17.1460434158581     
   28.6896932420561              683   17.1208090312807     
   28.8437805233376              684   17.0954881415248     
   28.9976399166113              685   17.0700816054270     
   29.1512706510602              686   17.0445902814676     
   29.3046719635934              687   17.0190150277117     
   29.4578430988428              688   16.9933567017553     
   29.6107833091586              689   16.9676161606690     
   29.7634918546046              690   16.9417942609391     
   29.9159680029531              691   16.9158918584150     
   30.0682110296788              692   16.8899098082570     
   30.2202202179531              693   16.8638489648739     
   30.3719948586370              694   16.8377101818796     
   30.5235342502739              695   16.8114943120313     
   30.6748376990822              696   16.7852022071805     
   30.8259045189468              697   16.7588347182214     
   30.9767340314108              698   16.7323926950355     
   31.1273255656661              699   16.7058769864441     
   31.2776784585441              700   16.6792884401548     
   31.4277920545055              701   16.6526279027117     
   31.5776657056299              702   16.6258962194463     
   31.7272987716049              703   16.5990942344266     
   31.8766906197148              704   16.5722227904100     
   32.0258406248285              705   16.5452827287914     
   32.1747481693876              706   16.5182748895616     
   32.3234126433936              707   16.4912001112533     
   32.4718334443949              708   16.4640592308945     
   32.6200099774730              709   16.4368530839714     
   32.7679416552287              710   16.4095825043683     
   32.9156278977680              711   16.3822483243344     
   33.0630681326870              712   16.3548513744318     
   33.2102617950569              713   16.3273924834928     
   33.3572083274084              714   16.2998724785789     
   33.5039071797156              715   16.2722921849318     
   33.6503578093800              716   16.2446524259378     
   33.7965596812134              717   16.2169540230792     
   33.9425122674211              718   16.1891977958991     
   34.0882150475842              719   16.1613845619478     
   34.2336675086417              720   16.1335151367597     
   34.3788691448726              721   16.1055903337986     
   34.5238194578768              722   16.0776109644279     
   34.6685179565566              723   16.0495778378610     
   34.8129641570974              724   16.0214917611330     
   34.9571575829476              725   15.9933535390585     
   35.1010977647991              726   15.9651639741930     
   35.2447842405668              727   15.9369238667940     
   35.3882165553680              728   15.9086340147938     
   35.5313942615011              729   15.8802952137533     
   35.6743169184249              730   15.8519082568292     
   35.8169840927363              731   15.8234739347418     
   35.9593953581490              732   15.7949930357420     
   36.1015502954707              733   15.7664663455692     
   36.2434484925808              734   15.7378946474296     
   36.3850895444077              735   15.7092787219513     
   36.5264730529053              736   15.6806193471629     
   36.6675986270297              737   15.6519172984544     
   36.8084658827158              738   15.6231733485489     
   36.9490744428527              739   15.5943882674718     
   37.0894239372600              740   15.5655628225201     
   37.2295140026627              741   15.5366977782323     
   37.3693442826668              742   15.5077938963623     
   37.5089144277340              743   15.4788519358438     
   37.6482240951566              744   15.4498726527742     
   37.7872729490316              745   15.4208568003721     
   37.9260606602349              746   15.3918051289621     
   38.0645869063956              747   15.3627183859418     
   38.2028513718691              748   15.3335973157580     
   38.3408537477109              749   15.3044426598857     
   38.4785937316499              750   15.2752551567880     
   38.6160710280610              751   15.2460355419137     
   38.7532853479382              752   15.2167845476525     
   38.8902364088671              753   15.1875029033243     
   39.0269239349970              754   15.1581913351527     
   39.1633476570133              755   15.1288505662406     
   39.2995073121095              756   15.0994813165492     
   39.4354026439585              757   15.0700843028773     
   39.5710334026843              758   15.0406602388394     
   39.7063993448339              759   15.0112098348474     
   39.8415002333475              760   14.9817337980862     
   39.9763358375303              761   14.9522328324952     
   40.1109059330228              762   14.9227076387525     
   40.2452103017715              763   14.8931589142541     
   40.3792487319998              764   14.8635873530938     
   40.5130210181777              765   14.8339936460510     
   40.6465269609921              766   14.8043784805631     
   40.7797663673172              767   14.7747425407216     
   40.9127390501837              768   14.7450865072464     
   41.0454448287489              769   14.7154110574724     
   41.1778835282662              770   14.6857168653369     
   41.3100549800542              771   14.6560046013601     
   41.4419590214664              772   14.6262749326351     
   41.5735954958601              773   14.5965285228095     
   41.7049642525654              774   14.5667660320722     
   41.8360651468541              775   14.5369881171465     
   41.9668980399084              776   14.5071954312720     
   42.0974627987898              777   14.4773886241857     
   42.2277592964075              778   14.4475683421269     
   42.3577874114867              779   14.4177352278100     
   42.4875470285370              780   14.3878899204234     
   42.6170380378208              781   14.3580330556108     
   42.7462603353213              782   14.3281652654687     
   42.8752138227105              783   14.2982871785320     
   43.0038984073173              784   14.2683994197665     
   43.1323140020952              785   14.2385026105585     
   43.2604605255902              786   14.2085973687058     
   43.3883379019085              787   14.1786843084143     
   43.5159460606843              788   14.1487640402842     
   43.6432849370468              789   14.1188371713020     
   43.7703544715885              790   14.0889043048457     
   43.8971546103322              791   14.0589660406584     
   44.0236853046981              792   14.0290229748601     
   44.1499465114718              793   13.9990756999306     
   44.2759381927712              794   13.9691248047116     
   44.4016603160136              795   13.9391708743959     
   44.5271128538832              796   13.9092144905233     
   44.6522957842979              797   13.8792562309789     
   44.7772090903767              798   13.8492966699902     
   44.9018527604066              799   13.8193363781198     
   45.0262267878097              800   13.7893759222610     
   45.1503311711100              801   13.7594158656403     
   45.2741659139008              802   13.7294567678118     
   45.3977310248111              803   13.6994991846535     
   45.5210265174730              804   13.6695436683686     
   45.6440524104883              805   13.6395907674817     
   45.7668087273956              806   13.6096410268386     
   45.8892954966372              807   13.5796949876029     
   46.0115127515256              808   13.5497531872599     
   46.1334605302109              809   13.5198161596135     
   46.2551388756475              810   13.4898844347862     
   46.3765478355605              811   13.4599585392192     
   46.4976874624135              812   13.4300389956752     
   46.6185578133746              813   13.4001263232375     
   46.7391589502837              814   13.3702210373138     
   46.8594909396195              815   13.3403236496292     
   46.9795538524662              816   13.3104346682447     
   47.0993477644804              817   13.2805545975398     
   47.2188727558583              818   13.2506839382308     
   47.3381289113023              819   13.2208231873645     
   47.4571163199886              820   13.1909728383243     
   47.5758350755335              821   13.1611333808337     
   47.6942852759611              822   13.1313053009592     
   47.8124670236697              823   13.1014890811127     
   47.9303804253997              824   13.0716852000611     
   48.0480255922002              825   13.0418941329206     
   48.1654026393965              826   13.0121163511758     
   48.2825116865571              827   12.9823523226662     
   48.3993528574611              828   12.9526025116099     
   48.5159262800656              829   12.9228673785957     
   48.6322320864730              830   12.8931473805957     
   48.7482704128983              831   12.8634429709685     
   48.8640413996370              832   12.8337545994626     
   48.9795451910322              833   12.8040827122315     
   49.0947819354423              834   12.7744277518289     
   49.2097517852087              835   12.7447901572250     
   49.3244548966238              836   12.7151703638080     
   49.4388914298980              837   12.6855688033937     
   49.5530615491286              838   12.6559859042301     
   49.6669654222667              839   12.6264220910094     
   49.7806032210857              840   12.5968777848758     
   49.8939751211496              841   12.5673534034231     
   50.0070813017804              842   12.5378493607210     
   50.1199219460269              843   12.5083660673084     
   50.2324972406327              844   12.4789039302063     
   50.3448073760046              845   12.4494633529303     
   50.4568525461809              846   12.4200447354986     
   50.5686329488004              847   12.3906484744351     
   50.6801487850703              848   12.3612749627884     
   50.7914002597354              849   12.3319245901301     
   50.9023875810466              850   12.3025977425771     
   51.0131109607298              851   12.2732948027912     
   51.1235706139549              852   12.2440161499971     
   51.2337667593049              853   12.2147621599835     
   51.3436996187447              854   12.1855332051221     
   51.4533694175908              855   12.1563296543741     
   51.5627763844802              856   12.1271518733026     
   51.6719207513399              857   12.0980002240793     
   51.7808027533566              858   12.0688750655028     
   51.8894226289462              859   12.0397767530033     
   51.9977806197232              860   12.0107056386587     
   52.1058769704711              861   11.9816620712001     
   52.2137119291119              862   11.9526463960271     
   52.3212857466762              863   11.9236589552258     
   52.4285986772732              864   11.8947000875656     
   52.5356509780613              865   11.8657701285253     
   52.6424429092180              866   11.8368694102979     
   52.7489747339107              867   11.8079982618045     
   52.8552467182669              868   11.7791570087083     
   52.9612591313453              869   11.7503459734236     
   53.0670122451061              870   11.7215654751324     
   53.1725063343823              871   11.6928158297927     
   53.2777416768505              872   11.6640973501553     
   53.3827185530019              873   11.6354103457760     
   53.4874372461138              874   11.6067551230243     
   53.5918980422211              875   11.5781319851030     
   53.6961012300870              876   11.5495412320586     
   53.8000471011755              877   11.5209831607888     
   53.9037359496226              878   11.4924580650700     
   54.0071680722082              879   11.4639662355553     
   54.1103437683282              880   11.4355079597972     
   54.2132633399664              881   11.4070835222601     
   54.3159270916668              882   11.3786932043291     
   54.4183353305057              883   11.3503372843348     
   54.5204883660647              884   11.3220160375502     
   54.6223865104027              885   11.2937297362237     
   54.7240300780287              886   11.2654786495783     
   54.8254193858749              887   11.2372630438323     
   54.9265547532694              888   11.2090831822142     
   55.0274365019093              889   11.1809393249745     
   55.1280649558341              890   11.1528317293990     
   55.2284404413987              891   11.1247606498258     
   55.3285632872471              892   11.0967263376599     
   55.4284338242860              893   11.0687290413867     
   55.5280523856585              894   11.0407690065841     
   55.6274193067178              895   11.0128464759419     
   55.7265349250013              896   10.9849616892714     
   55.8253995802047              897   10.9571148835251     
   55.9240136141564              898   10.9293062928065     
   56.0223773707917              899   10.9015361483908     
   56.1204911961272              900   10.8738046787317     
   56.2183554382358              901   10.8461121094826     
   56.3159704472211              902   10.8184586635124     
   56.4133365751927              903   10.7908445609116     
   56.5104541762409              904   10.7632700190194     
   56.6073236064121              905   10.7357352524286     
   56.7039452236840              906   10.7082404730055     
   56.8003193879410              907   10.6807858899063     
   56.8964464609502              908   10.6533717095848     
   56.9923268063365              909   10.6259981358182     
   57.0879607895588              910   10.5986653697114     
   57.1833487778862              911   10.5713736097215     
   57.2784911403737              912   10.5441230516661     
   57.3733882478387              913   10.5169138887409     
   57.4680404728374              914   10.4897463115381     
   57.5624481896412              915   10.4626205080546     
   57.6566117742137              916   10.4355366637137     
   57.7505316041871              917   10.4084949613781     
   57.8442080588395              918   10.3814955813617     
   57.9376415190718              919   10.3545387014492     
   58.0308323673848              920   10.3276244969127     
   58.1237809878570              921   10.3007531405221     
   58.2164877661217              922   10.2739248025598     
   58.3089530893448              923   10.2471396508450     
   58.4011773462024              924   10.2203978507352     
   58.4931609268590              925   10.1936995651547     
   58.5849042229454              926   10.1670449546023     
   58.6764076275368              927   10.1404341771646     
   58.7676715351313              928   10.1138673885417     
   58.8586963416282              929   10.0873447420461     
   58.9494824443066              930   10.0608663886364     
   59.0400302418043              931   10.0344324769195     
   59.1303401340966              932   10.0080431531677     
   59.2204125224751              933   9.98169856133697     
   59.3102478095271              934   9.95539884308430     
   59.3998463991149              935   9.92914413777473     
   59.4892086963549              936   9.90293458250433     
   59.5783351075974              937   9.87677031210884     
   59.6672260404064              938   9.85065145918579     
   59.7558819035391              939   9.82457815410400     
   59.8443031069260              940   9.79855052502011     
   59.9324900616512              941   9.77256869789361     
   60.0204431799322              942   9.74663279650498     
   60.1081628751008              943   9.72074294246126     
   60.1956495615829              944   9.69489925522598     
   60.2829036548799              945   9.66910185212081     
   60.3699255715490              946   9.64335084834368     
   60.4567157291841              947   9.61764635698930     
   60.5432745463970              948   9.59198848905708     
   60.6296024427985              949   9.56637735346927     
   60.7156998389798              950   9.54081305708520     
   60.8015671564935              951   9.51529570471779     
   60.8872048178360              952   9.48982539914154     
   60.9726132464283              953   9.46440224111771     
   61.0577928665983              954   9.43902632940071     
   61.1427441035629              955   9.41369776075223     
   61.2274673834097              956   9.38841662996658     
   61.3119631330794              957   9.36318302986826     
   61.3962317803482              958   9.33799705134359     
   61.4802737538103              959   9.31285878333910     
   61.5640894828604              960   9.28776831289232     
   61.6476793976764              961   9.26272572513259     
   61.7310439292026              962   9.23773110329999     
   61.8141835091323              963   9.21278452876351     
   61.8970985698912              964   9.18788608103051     
   61.9797895446204              965   9.16303583776094     
   62.0622568671603              966   9.13823387478314     
   62.1445009720333              967   9.11348026610960     
   62.2265222944283              968   9.08877508394726     
   62.3083212701838              969   9.06411839871326     
   62.3898983357723              970   9.03951027905079     
   62.4712539282837              971   9.01495079183532     
   62.5523884854102              972   8.99044000220310     
   62.6333024454301              973   8.96597797354717     
   62.7139962471920              974   8.94156476754738     
   62.7944703300999              975   8.91720044417197     
   62.8747251340975              976   8.89288506169489     
   62.9547610996527              977   8.86861867671642     
   63.0345786677432              978   8.84440134416388     
   63.1141782798406              979   8.82023311731770     
   63.1935603778965              980   8.82684188082787     
   63.2730019548239              981   9.18984872594090     
   63.3557105933574              982   9.90530813934893     
   63.4448583666116              983   10.6764683795630     
   63.5409465820276              984   11.5076659359011     
   63.6445155754507              985   12.4035749073915     
   63.7561477496173              986   13.3692332867683     
   63.8764708491982              987   14.4100712907813     
   64.0061614908152              988   15.5319418960921     
   64.1459489678800              989   16.7411537525071     
   64.2966193516526              990   18.0445066586085     
   64.4590199115801              991   19.4493297992532     
   64.6340638797734              992   20.9635229600262     
   64.8227355864136              993   22.5956009503455     
   65.0260959949667              994   24.3547414850459     
   65.2452886683321              995   26.2508367937121     
   65.4815461994755              996   28.2945492479677     
   65.7361971427072              997   30.4973713195109     
   66.0106734845828              998   32.8716902060869     
   66.3065186964376              999   35.4308574888115     
   66.6253964138369             1000   38.1892642125226     
   66.9690997917496             1001   41.1624218113944     
   67.3395615880522             1002   44.3670493348678     
   67.7388650320660             1003   47.8211674643853     
   68.1692555392454             1004   51.5441998496774     
   68.6331533378925             1005   55.5570823343490     
   69.1331670789017             1006   59.8823806850659     
   69.6721085050673             1007   64.5444174863409     
   70.2530082624443             1008   69.5694089144657     
   70.8791329426745             1009   74.9856121597566     
   71.5540034521123             1010   80.8234843260844     
   72.2814148110471             1011   87.1158537012633     
   73.0654574943585             1012   93.8981043613628     
   73.9105404336107             1013   101.208375147105     
   74.8214158099347             1014   109.087774131164     
   75.8032057771152             1015   117.580609782493     
   76.8614312651576             1016   126.734640127498     
   78.0020430263051             1017   136.601341309238     
   79.2314550980882             1018   147.236197054811     
   80.5565808715815             1019   158.699010678726     
   81.9848719676901             1020   171.054241376736     
   83.5243601400807             1021   184.371366701236     
   85.1837024403918             1022   198.725273256538     
   86.9722298997006             1023   214.196677811041     
   88.9000000000000             1024  0.000000000000000E+000
