  -88.9000000000000                1   219.655256710704     
  -86.9231026896037                2   214.580629495108     
  -84.9918770241477                3   209.623239816924     
  -83.1052678657954                4   204.780379173722     
  -81.2622444532319                5   200.049401636755     
  -79.4617998385011                6   195.427722405343     
  -77.7029503368530                7   190.912816394662     
  -75.9847349893010                8   186.502216856138     
  -74.3062150375958                9   182.193514029717     
  -72.6664734113284               10   177.984353827289     
  -71.0646142268828               11   173.872436546510     
  -69.4997622979642               12   169.855515614346     
  -67.9710626574351               13   165.931396359639     
  -66.4776800901983               14   162.097934814041     
  -65.0187986768719               15   158.353036540638     
  -63.5936213480062               16   154.694655489645     
  -62.2013694485994               17   151.120792880523     
  -60.8412823126747               18   147.629496109947     
  -59.5126168476852               19   144.218857684974     
  -58.2146471285204               20   140.887014180884     
  -56.9466640008924               21   137.632145223078     
  -55.7079746938847               22   134.452472492504     
  -54.4979024414522               23   131.346258754067     
  -53.3157861126656               24   128.311806907470     
  -52.1609798504984               25   125.347459060003     
  -51.0328527189583               26   122.451595620732     
  -49.9307883583717               27   119.622634415635     
  -48.8541846486310               28   116.859029823159     
  -47.8024533802226               29   114.159271929770     
  -46.7750199328547               30   111.521885704998     
  -45.7713229615097               31   108.945430195542     
  -44.7908140897498               32   106.428497737996     
  -43.8329576101079               33   103.969713189773     
  -42.8972301913999               34   101.567733177769     
  -41.9831205928000               35   99.2212453644154     
  -41.0901293845202               36   96.9289677306746     
  -40.2177686749442               37   94.6896478755895     
  -39.3655618440639               38   92.5020623320402     
  -38.5330432830755               39   90.3650158982856     
  -37.7197581399909               40   88.2773409849575     
  -36.9252620711263               41   86.2378969771463     
  -36.1491209983320               42   84.2455696112125     
  -35.3909108718311               43   82.2992703660006     
  -34.6502174385371               44   80.3979358681275     
  -33.9266360157239               45   78.5405273109924     
  -33.2197712699250               46   76.7260298872188     
  -32.5292370009400               47   74.9534522342141     
  -31.8546559308321               48   73.2218258925244     
  -31.1956594977994               49   71.5302047767167     
  -30.5518876548089               50   69.8776646584744     
  -29.9229886728827               51   68.2633026616415     
  -29.3086189489279               52   66.6862367689293     
  -28.7084428180075               53   65.1456053400210     
  -28.1221323699473               54   63.6405666408082     
  -27.5493672701801               55   62.1702983835052     
  -26.9898345847285               56   60.7339972773843     
  -26.4432286092321               57   59.3308785898962     
  -25.9092507019230               58   57.9601757179214     
  -25.3876091204617               59   56.6211397689370     
  -24.8780188625413               60   55.3130391518503     
  -24.3802015101746               61   54.0351591772898     
  -23.8938850775790               62   52.7868016671336     
  -23.4188038625748               63   51.5672845730476     
  -22.9546983014174               64   50.3759416038534     
  -22.5013148269827               65   49.2121218614877     
  -22.0584057302293               66   48.0751894853846     
  -21.6257290248608               67   46.9645233050669     
  -21.2030483151152               68   45.8795165007666     
  -20.7901326666083               69   44.8195762718831     
  -20.3867564801614               70   43.7841235131072     
  -19.9926993685434               71   42.7725924980156     
  -19.6077460360613               72   41.7844305699905     
  -19.2316861609314               73   40.8190978402661     
  -18.8643142803690               74   39.8760668929619     
  -18.5054296783323               75   38.9548224969190     
  -18.1548362758601               76   38.0548613242071     
  -17.8123425239422               77   37.4348708694493     
  -17.4754286861171               78   37.2936411133631     
  -17.1397859160969               79   37.3611379683491     
  -16.8035356743817               80   37.4274679295365     
  -16.4666884630159               81   37.4926197636414     
  -16.1292548851431               82   37.5565823894403     
  -15.7912456436382               83   37.6193448821473     
  -15.4526715396988               84   37.6808964777429     
  -15.1135434713992               85   37.7412265772759     
  -14.7738724322037               86   37.8003247511194     
  -14.4336695094436               87   37.8581807431914     
  -14.0929458827549               88   37.9147844751212     
  -13.7517128224788               89   37.9701260503755     
  -13.4099816880254               90   38.0241957583271     
  -13.0677639262005               91   38.0769840782717     
  -12.7250710694960               92   38.1284816833881     
  -12.3819147343455               93   38.1786794446342     
  -12.0383066193438               94   38.2275684345833     
  -11.6942585034326               95   38.2751399311931     
  -11.3497822440518               96   38.3213854215035     
  -11.0048897752583               97   38.3662966052665     
  -10.6595931058109               98   38.4098653984955     
  -10.3139043172244               99   38.4520839369438     
  -9.96783556179195              100   38.4929445794960     
  -9.62139906057648              101   38.5324399114827     
  -9.27460710137314              102   38.5705627479032     
  -8.92747203664201              103   38.6073061365667     
  -8.58000628141291              104   38.6426633611381     
  -8.23222231116267              105   38.6766279440910     
  -7.88413265966585              106   38.7091936495686     
  -7.53574991681973              107   38.7403544861425     
  -7.18708672644445              108   38.7701047094746     
  -6.83815578405918              109   38.7984388248756     
  -6.48896983463530              110   38.8253515897576     
  -6.13954167032748              111   38.8508380159842     
  -5.78988412818362              112   38.8748933721082     
  -5.44001008783465              113   38.8975131855014     
  -5.08993246916513              114   38.9186932443724     
  -4.73966422996578              115   38.9384295996700     
  -4.38921836356875              116   38.9567185668712     
  -4.03860789646691              117   38.9735567276541     
  -3.68784588591803              118   38.9889409314509     
  -3.33694541753497              119   39.0028682968824     
  -2.98591960286303              120   39.0153362130714     
  -2.63478157694538              121   39.0263423408352     
  -2.28354449587787              122   39.0358846137540     
  -1.93222153435408              123   39.0439612391166     
  -1.58082588320203              124   39.0505706987418     
  -1.22937074691336              125   39.0557117496737     
 -0.877869341166292              126   39.0593834247520     
 -0.526334890343524              127   39.0615850330555     
 -0.174780625046025              128   38.8401388991166     
  0.174780625046025              129   39.0615850330555     
  0.526334890343524              130   39.0593834247520     
  0.877869341166292              131   39.0557117496737     
   1.22937074691336              132   39.0505706987418     
   1.58082588320203              133   39.0439612391166     
   1.93222153435408              134   39.0358846137540     
   2.28354449587787              135   39.0263423408352     
   2.63478157694538              136   39.0153362130714     
   2.98591960286303              137   39.0028682968824     
   3.33694541753497              138   38.9889409314509     
   3.68784588591803              139   38.9735567276541     
   4.03860789646691              140   38.9567185668712     
   4.38921836356875              141   38.9384295996700     
   4.73966422996578              142   38.9186932443724     
   5.08993246916513              143   38.8975131855014     
   5.44001008783465              144   38.8748933721082     
   5.78988412818362              145   38.8508380159842     
   6.13954167032748              146   38.8253515897576     
   6.48896983463530              147   38.7984388248756     
   6.83815578405918              148   38.7701047094746     
   7.18708672644445              149   38.7403544861425     
   7.53574991681973              150   38.7091936495686     
   7.88413265966585              151   38.6766279440910     
   8.23222231116267              152   38.6426633611381     
   8.58000628141291              153   38.6073061365667     
   8.92747203664201              154   38.5705627479032     
   9.27460710137314              155   38.5324399114827     
   9.62139906057648              156   38.4929445794960     
   9.96783556179195              157   38.4520839369438     
   10.3139043172244              158   38.4098653984955     
   10.6595931058109              159   38.3662966052665     
   11.0048897752583              160   38.3213854215035     
   11.3497822440518              161   38.2751399311931     
   11.6942585034326              162   38.2275684345833     
   12.0383066193438              163   38.1786794446342     
   12.3819147343455              164   38.1284816833881     
   12.7250710694960              165   38.0769840782717     
   13.0677639262005              166   38.0241957583271     
   13.4099816880254              167   37.9701260503755     
   13.7517128224788              168   37.9147844751212     
   14.0929458827549              169   37.8581807431914     
   14.4336695094436              170   37.8003247511194     
   14.7738724322037              171   37.7412265772759     
   15.1135434713992              172   37.6808964777429     
   15.4526715396988              173   37.6193448821473     
   15.7912456436382              174   37.5565823894403     
   16.1292548851431              175   37.4926197636414     
   16.4666884630159              176   37.4274679295365     
   16.8035356743817              177   37.3611379683491     
   17.1397859160969              178   37.2936411133631     
   17.4754286861171              179   37.4348708694493     
   17.8123425239422              180   38.0548613242071     
   18.1548362758601              181   38.9548224969190     
   18.5054296783323              182   39.8760668929619     
   18.8643142803690              183   40.8190978402661     
   19.2316861609314              184   41.7844305699905     
   19.6077460360613              185   42.7725924980156     
   19.9926993685434              186   43.7841235131072     
   20.3867564801614              187   44.8195762718831     
   20.7901326666083              188   45.8795165007666     
   21.2030483151152              189   46.9645233050669     
   21.6257290248608              190   48.0751894853846     
   22.0584057302293              191   49.2121218614877     
   22.5013148269827              192   50.3759416038534     
   22.9546983014174              193   51.5672845730476     
   23.4188038625748              194   52.7868016671336     
   23.8938850775790              195   54.0351591772898     
   24.3802015101746              196   55.3130391518503     
   24.8780188625413              197   56.6211397689370     
   25.3876091204617              198   57.9601757179214     
   25.9092507019230              199   59.3308785898962     
   26.4432286092321              200   60.7339972773843     
   26.9898345847285              201   62.1702983835052     
   27.5493672701801              202   63.6405666408082     
   28.1221323699473              203   65.1456053400210     
   28.7084428180075              204   66.6862367689293     
   29.3086189489279              205   68.2633026616415     
   29.9229886728827              206   69.8776646584744     
   30.5518876548089              207   71.5302047767167     
   31.1956594977994              208   73.2218258925244     
   31.8546559308321              209   74.9534522342141     
   32.5292370009400              210   76.7260298872188     
   33.2197712699250              211   78.5405273109924     
   33.9266360157239              212   80.3979358681275     
   34.6502174385371              213   82.2992703660006     
   35.3909108718311              214   84.2455696112125     
   36.1491209983320              215   86.2378969771463     
   36.9252620711263              216   88.2773409849575     
   37.7197581399909              217   90.3650158982856     
   38.5330432830755              218   92.5020623320402     
   39.3655618440639              219   94.6896478755895     
   40.2177686749442              220   96.9289677306746     
   41.0901293845202              221   99.2212453644154     
   41.9831205928000              222   101.567733177769     
   42.8972301913999              223   103.969713189773     
   43.8329576101079              224   106.428497737996     
   44.7908140897498              225   108.945430195542     
   45.7713229615097              226   111.521885704998     
   46.7750199328547              227   114.159271929770     
   47.8024533802226              228   116.859029823159     
   48.8541846486310              229   119.622634415635     
   49.9307883583717              230   122.451595620732     
   51.0328527189583              231   125.347459060003     
   52.1609798504984              232   128.311806907470     
   53.3157861126656              233   131.346258754067     
   54.4979024414522              234   134.452472492504     
   55.7079746938847              235   137.632145223078     
   56.9466640008924              236   140.887014180884     
   58.2146471285204              237   144.218857684974     
   59.5126168476852              238   147.629496109947     
   60.8412823126747              239   151.120792880523     
   62.2013694485994              240   154.694655489645     
   63.5936213480062              241   158.353036540638     
   65.0187986768719              242   162.097934814041     
   66.4776800901983              243   165.931396359639     
   67.9710626574351              244   169.855515614346     
   69.4997622979642              245   173.872436546510     
   71.0646142268828              246   177.984353827289     
   72.6664734113284              247   182.193514029717     
   74.3062150375958              248   186.502216856138     
   75.9847349893010              249   190.912816394662     
   77.7029503368530              250   195.427722405343     
   79.4617998385011              251   200.049401636755     
   81.2622444532319              252   204.780379173722     
   83.1052678657954              253   209.623239816924     
   84.9918770241477              254   214.580629495108     
   86.9231026896037              255   219.655256710704     
   88.9000000000000              256  0.000000000000000E+000
