  -88.9000000000000                1   1.92655420273796     
  -86.9734457972620                2   1.78505689334933     
  -85.1883889039127                3   1.65395196665921     
  -83.5344369372535                4   1.53247614583482     
  -82.0019607914187                5   1.41992221351892     
  -80.5820385778998                6   1.31563489449695     
  -79.2664036834028                7   1.21900704076486     
  -78.0473966426379                8   1.12947609678785     
  -76.9179205458501                9   1.04652082437086     
  -75.8713997214792               10  0.969658268073630     
  -74.9017414534056               11  0.898440943503218     
  -74.0033005099024               12  0.832454232114770     
  -73.1708462777876               13  0.771313967352953     
  -72.3995323104347               14  0.714664198081351     
  -71.6848681123533               15  0.662175116278661     
  -71.0226929960747               16  0.613541136936476     
  -70.4091518591382               17  0.568479118981116     
  -69.8406727401571               18  0.526726716860736     
  -69.3139460232963               19  0.488040853201682     
  -68.8259051700946               20  0.452196303641841     
  -68.3737088664528               21  0.418984385601931     
  -67.9547244808509               22  0.388211743361040     
  -67.5665127374898               23  0.359699222363417     
  -67.2068135151264               24  0.333280826202383     
  -66.8735326889240               25  0.308802750209821     
  -66.5647299387142               26  0.286122486023928     
  -66.2786074526903               27  0.265107991923315     
  -66.0134994607670               28  0.245636924095962     
  -65.7678625366710               29  0.227595924368757     
  -65.5402666123022               30  0.210879960249883     
  -65.3293866520524               31  0.195391713442746     
  -65.1339949386096               32  0.181041013270573     
  -64.9529539253390               33  0.167744311713761     
  -64.7852096136253               34  0.155424197003782     
  -64.6297854166215               35  0.144008942941042     
  -64.4857764736805               36  0.133432091313864     
  -64.3523443823666               37  0.123632064986964     
  -64.2287123173796               38  0.114551809406862     
  -64.1141605079728               39  0.106138460437165     
  -64.0080220475356               40  9.834303659017962E-002
  -63.9096790109454               41  9.112015386264716E-002
  -63.8185588570828               42  8.442776151557041E-002
  -63.7341310955672               43  7.822689726000931E-002
  -63.6559041983072               44  7.248146042341830E-002
  -63.5834227378838               45  6.970158869516752E-002
  -63.5137211491886               46  6.977004219942984E-002
  -63.4439511069892               47  6.994044435237612E-002
  -63.3740106626368               48  7.011115821261171E-002
  -63.3038995044242               49  7.028218351973692E-002
  -63.2336173209045               50  7.045352000533001E-002
  -63.1631638008991               51  7.062516739301827E-002
  -63.0925386335061               52  7.079712539827909E-002
  -63.0217415081078               53  7.096939372851097E-002
  -62.9507721143793               54  7.114197208284878E-002
  -62.8796301422965               55  7.131486015222066E-002
  -62.8083152821442               56  7.148805761918453E-002
  -62.7368272245251               57  7.166156415796365E-002
  -62.6651656603671               58  7.183537943431162E-002
  -62.5933302809328               59  7.200950310547682E-002
  -62.5213207778273               60  7.218393482018826E-002
  -62.4491368430071               61  7.235867421847786E-002
  -62.3767781687886               62  7.253372093177290E-002
  -62.3042444478569               63  7.270907458267573E-002
  -62.2315353732742               64  7.288473478504898E-002
  -62.1586506384891               65  7.306070114385932E-002
  -62.0855899373453               66  7.323697325513479E-002
  -62.0123529640902               67  7.341355070590794E-002
  -61.9389394133842               68  7.359043307419455E-002
  -61.8653489803101               69  7.376761992883019E-002
  -61.7915813603812               70  7.394511082951993E-002
  -61.7176362495517               71  7.412290532671761E-002
  -61.6435133442250               72  7.430100296155473E-002
  -61.5692123412634               73  7.447940326579072E-002
  -61.4947329379976               74  7.465810576178455E-002
  -61.4200748322359               75  7.483710996237392E-002
  -61.3452377222735               76  7.501641537081127E-002
  -61.2702213069027               77  7.519602148080651E-002
  -61.1950252854219               78  7.537592777629243E-002
  -61.1196493576456               79  7.555613373148873E-002
  -61.0440932239141               80  7.573663881082382E-002
  -60.9683565851033               81  7.591744246879983E-002
  -60.8924391426345               82  7.609854414999973E-002
  -60.8163405984845               83  7.627994328899490E-002
  -60.7400606551955               84  7.646163931028127E-002
  -60.6635990158852               85  7.664363162820820E-002
  -60.5869553842570               86  7.682591964692165E-002
  -60.5101294646101               87  7.700850276030025E-002
  -60.4331209618498               88  7.719138035190554E-002
  -60.3559295814978               89  7.737455179484698E-002
  -60.2785550297030               90  7.755801645183169E-002
  -60.2009970132512               91  7.774177367498680E-002
  -60.1232552395762               92  7.792582280585236E-002
  -60.0453294167703               93  7.811016317531028E-002
  -59.9672192535950               94  7.829479410352747E-002
  -59.8889244594915               95  7.847971489982797E-002
  -59.8104447445917               96  7.866492486272136E-002
  -59.7317798197289               97  7.885042327974645E-002
  -59.6529293964492               98  7.903620942748546E-002
  -59.5738931870217               99  7.922228257140773E-002
  -59.4946709044503              100  7.940864196592656E-002
  -59.4152622624844              101  7.959528685415762E-002
  -59.3356669756302              102  7.978221646806105E-002
  -59.2558847591622              103  7.996943002818568E-002
  -59.1759153291340              104  8.015692674372588E-002
  -59.0957584023902              105  8.034470581236519E-002
  -59.0154136965779              106  8.053276642033325E-002
  -58.9348809301575              107  8.072110774216412E-002
  -58.8541598224154              108  8.090972894081006E-002
  -58.7732500934746              109  8.109862916744959E-002
  -58.6921514643071              110  8.128780756144494E-002
  -58.6108636567457              111  8.147726325032068E-002
  -58.5293863934954              112  8.166699534965005E-002
  -58.4477193981457              113  8.185700296300524E-002
  -58.3658623951827              114  8.204728518188631E-002
  -58.2838151100008              115  8.223784108565724E-002
  -58.2015772689152              116  8.242866974146068E-002
  -58.1191485991737              117  8.261977020418243E-002
  -58.0365288289695              118  8.281114151636615E-002
  -57.9537176874531              119  8.300278270813521E-002
  -57.8707149047450              120  8.319469279712877E-002
  -57.7875202119479              121  8.338687078847329E-002
  -57.7041333411594              122  8.357931567464760E-002
  -57.6205540254848              123  8.377202643546866E-002
  -57.5367819990493              124  8.396500203798496E-002
  -57.4528169970113              125  8.415824143648365E-002
  -57.3686587555748              126  8.435174357229869E-002
  -57.2843070120025              127  8.454550737384636E-002
  -57.1997615046287              128  8.473953175655424E-002
  -57.1150219728721              129  8.493381562271907E-002
  -57.0300881572494              130  8.512835786148543E-002
  -56.9449597993879              131  8.532315734882445E-002
  -56.8596366420391              132  8.551821294737039E-002
  -56.7741184290917              133  8.571352350644190E-002
  -56.6884049055853              134  8.590908786189999E-002
  -56.6024958177234              135  8.610490483615507E-002
  -56.5163909128872              136  8.630097323802488E-002
  -56.4300899396492              137  8.649729186273447E-002
  -56.3435926477865              138  8.669385949182384E-002
  -56.2568987882946              139  8.689067489305558E-002
  -56.1700081134016              140  8.708773682036508E-002
  -56.0829203765812              141  8.728504401385351E-002
  -55.9956353325674              142  8.748259519960300E-002
  -55.9081527373678              143  8.768038908971221E-002
  -55.8204723482781              144  8.787842438218263E-002
  -55.7325939238959              145  8.807669976089016E-002
  -55.6445172241350              146  8.827521389545723E-002
  -55.5562420102395              147  8.847396544123853E-002
  -55.4677680447983              148  8.867295303924294E-002
  -55.3790950917590              149  8.887217531608371E-002
  -55.2902229164430              150  8.907163088386483E-002
  -55.2011512855591              151  8.927131834017388E-002
  -55.1118799672189              152  8.947123626798259E-002
  -55.0224087309509              153  8.967138323558999E-002
  -54.9327373477154              154  8.987175779656553E-002
  -54.8428655899188              155  9.007235848968520E-002
  -54.7527932314291              156  9.027318383885330E-002
  -54.6625200475902              157  9.047423235306695E-002
  -54.5720458152372              158  9.067550252630241E-002
  -54.4813703127109              159  9.087699283752215E-002
  -54.3904933198734              160  9.107870175056121E-002
  -54.2994146181228              161  9.128062771405610E-002
  -54.2081339904087              162  9.148276916147324E-002
  -54.1166512212473              163  9.168512451088873E-002
  -54.0249660967364              164  9.188769216508774E-002
  -53.9330784045713              165  9.209047051142250E-002
  -53.8409879340599              166  9.229345792174115E-002
  -53.7486944761381              167  9.249665275237362E-002
  -53.6561978233858              168  9.270005334403209E-002
  -53.5634977700417              169  9.290365802175415E-002
  -53.4705941120200              170  9.310746509491707E-002
  -53.3774866469250              171  9.331147285704589E-002
  -53.2841751740680              172  9.351567958585605E-002
  -53.1906594944821              173  9.372008354319661E-002
  -53.0969394109390              174  9.392468297490808E-002
  -53.0030147279640              175  9.412947611085798E-002
  -52.9088852518532              176  9.433446116482713E-002
  -52.8145507906884              177  9.453963633448836E-002
  -52.7200111543539              178  9.474499980132123E-002
  -52.6252661545525              179  9.495054973054806E-002
  -52.5303156048220              180  9.515628427114819E-002
  -52.4351593205509              181  9.536220155573005E-002
  -52.3397971189951              182  9.556829970046010E-002
  -52.2442288192947              183  9.577457680514101E-002
  -52.1484542424895              184  9.598103095296295E-002
  -52.0524732115366              185  9.618766021065284E-002
  -51.9562855513259              186  9.639446262823981E-002
  -51.8598910886977              187  9.660143623916184E-002
  -51.7632896524585              188  9.680857906007390E-002
  -51.6664810733984              189  9.701588909091186E-002
  -51.5694651843075              190  9.722336431478595E-002
  -51.4722418199927              191  9.743100269792393E-002
  -51.3748108172948              192  9.763880218964260E-002
  -51.2771720151052              193  9.784676072229814E-002
  -51.1793252543829              194  9.805487621125053E-002
  -51.0812703781716              195  9.826314655477830E-002
  -50.9830072316168              196  9.847156963405013E-002
  -50.8845356619828              197  9.868014331311770E-002
  -50.7858555186697              198  9.888886543880204E-002
  -50.6869666532309              199  9.909773384069354E-002
  -50.5878689193902              200  9.930674633110925E-002
  -50.4885621730591              201  9.951590070501481E-002
  -50.3890462723541              202  9.972519474002439E-002
  -50.2893210776140              203  9.993462619632254E-002
  -50.1893864514177              204  0.100144192816657     
  -50.0892422586010              205  0.100353892326268     
  -49.9888883662748              206  0.100563722432867     
  -49.8883246438419              207  0.100773680826592     
  -49.7875509630153              208  0.100983765179954     
  -49.6865671978354              209  0.101193973147844     
  -49.5853732246875              210  0.101404302367435     
  -49.4839689223201              211  0.101614750458211     
  -49.3823541718619              212  0.101825315021870     
  -49.2805288568400              213  0.102035993642311     
  -49.1784928631977              214  0.102246783885661     
  -49.0762460793120              215  0.102457683300138     
  -48.9737883960119              216  0.102668689416078     
  -48.8711197065958              217  0.102879799745921     
  -48.7682399068499              218  0.103091011784130     
  -48.6651488950658              219  0.103302323007213     
  -48.5618465720586              220  0.103513730873644     
  -48.4583328411849              221  0.103725232823891     
  -48.3546076083610              222  0.103936826280325     
  -48.2506707820807              223  0.104148508647263     
  -48.1465222734334              224  0.104360277310896     
  -48.0421619961225              225  0.104572129639280     
  -47.9375898664833              226  0.104784062982311     
  -47.8328058035009              227  0.104996074671718     
  -47.7278097288292              228  0.105208162021015     
  -47.6226015668082              229  0.105420322325500     
  -47.5171812444827              230  0.105632552862232     
  -47.4115486916205              231  0.105844850890037     
  -47.3057038407304              232  0.106057213649450     
  -47.1996466270810              233  0.106269638362690     
  -47.0933769887183              234  0.106482122233743     
  -46.9868948664846              235  0.106694662448220     
  -46.8802002040363              236  0.106907256173429     
  -46.7732929478629              237  0.107119900558345     
  -46.6661730473046              238  0.107332592733570     
  -46.5588404545710              239  0.107545329811401     
  -46.4512951247596              240  0.107758108885704     
  -46.3435370158739              241  0.107970927032014     
  -46.2355660888419              242  0.108183781307517     
  -46.1273823075344              243  0.108396668750949     
  -46.0189856387834              244  0.108609586382720     
  -45.9103760524007              245  0.108822531204837     
  -45.8015535211959              246  0.109035500200918     
  -45.6925180209949              247  0.109248490336213     
  -45.5832695306587              248  0.109461498557579     
  -45.4738080321011              249  0.109674521793494     
  -45.3641335103077              250  0.109887556954071     
  -45.2542459533536              251  0.110100600931041     
  -45.1441453524225              252  0.110313650597810     
  -45.0338317018247              253  0.110526702809388     
  -44.9233049990153              254  0.110739754402466     
  -44.8125652446129              255  0.110952802195420     
  -44.7016124424175              256  0.111165842988292     
  -44.5904465994292              257  0.111378873562806     
  -44.4790677258664              258  0.111591890682448     
  -44.3674758351839              259  0.111804891092362     
  -44.2556709440915              260  0.112017871519512     
  -44.1436530725720              261  0.112230828672594     
  -44.0314222438994              262  0.112443759242097     
  -43.9189784846573              263  0.112656659900296     
  -43.8063218247570              264  0.112869527301370     
  -43.6934522974557              265  0.113082358081300     
  -43.5803699393744              266  0.113295148857951     
  -43.4670747905164              267  0.113507896231162     
  -43.3535668942853              268  0.113720596782670     
  -43.2398462975026              269  0.113933247076204     
  -43.1259130504264              270  0.114145843657511     
  -43.0117672067689              271  0.114358383054366     
  -42.8974088237145              272  0.114570861776670     
  -42.7828379619378              273  0.114783276316402     
  -42.6680546856214              274  0.114995623147706     
  -42.5530590624737              275  0.115207898726950     
  -42.4378511637468              276  0.115420099492752     
  -42.3224310642540              277  0.115632221865965     
  -42.2067988423881              278  0.115844262249851     
  -42.0909545801382              279  0.116056217029993     
  -41.9748983631082              280  0.116268082574436     
  -41.8586302805338              281  0.116479855233706     
  -41.7421504253001              282  0.116691531340862     
  -41.6254588939592              283  0.116903107211556     
  -41.5085557867477              284  0.117114579144058     
  -41.3914412076036              285  0.117325943419402     
  -41.2741152641842              286  0.117537196301313     
  -41.1565780678829              287  0.117748334036392     
  -41.0388297338465              288  0.117959352854129     
  -40.9208703809924              289  0.118170248966919     
  -40.8027001320254              290  0.118381018570233     
  -40.6843191134552              291  0.118591657842579     
  -40.5657274556126              292  0.118802162945670     
  -40.4469252926670              293  0.119012530024413     
  -40.3279127626426              294  0.119222755207019     
  -40.2086900074355              295  0.119432834605121     
  -40.0892571728304              296  0.119642764313753     
  -39.9696144085167              297  0.119852540411514     
  -39.8497618681051              298  0.120062158960607     
  -39.7296997091445              299  0.120271616006974     
  -39.6094280931376              300  0.120480907580273     
  -39.4889471855573              301  0.120690029694089     
  -39.3682571558632              302  0.120898978345963     
  -39.2473581775172              303  0.121107749517435     
  -39.1262504279998              304  0.121316339174278     
  -39.0049340888255              305  0.121524743266413     
  -38.8834093455591              306  0.121732957728142     
  -38.7616763878310              307  0.121940978478207     
  -38.6397354093528              308  0.122148801419868     
  -38.5175866079329              309  0.122356422440987     
  -38.3952301854919              310  0.122563837414233     
  -38.2726663480777              311  0.122771042197087     
  -38.1498953058806              312  0.122978032631949     
  -38.0269172732486              313  0.123184804546348     
  -37.9037324687023              314  0.123391353752936     
  -37.7803411149494              315  0.123597676049677     
  -37.6567434388997              316  0.123803767219954     
  -37.5329396716797              317  0.124009623032620     
  -37.4089300486471              318  0.124215239242247     
  -37.2847148094049              319  0.124420611589116     
  -37.1602941978157              320  0.124625735799420     
  -37.0356684620163              321  0.124830607585359     
  -36.9108378544310              322  0.125035222645302     
  -36.7858026317857              323  0.125239576663851     
  -36.6605630551218              324  0.125443665312034     
  -36.5351193898098              325  0.125647484247452     
  -36.4094719055623              326  0.125851029114330     
  -36.2836208764480              327  0.126054295543739     
  -36.1575665809043              328  0.126257279153705     
  -36.0313093017506              329  0.126459975549338     
  -35.9048493262012              330  0.126662380323012     
  -35.7781869458782              331  0.126864489054491     
  -35.6513224568237              332  0.127066297311046     
  -35.5242561595127              333  0.127267800647680     
  -35.3969883588650              334  0.127468994607199     
  -35.2695193642578              335  0.127669874720453     
  -35.1418494895373              336  0.127870436506392     
  -35.0139790530309              337  0.128070675472337     
  -34.8859083775586              338  0.128270587114031     
  -34.7576377904446              339  0.128470166915889     
  -34.6291676235287              340  0.128669410351144     
  -34.5004982131775              341  0.128868312881941     
  -34.3716299002956              342  0.129066869959630     
  -34.2425630303360              343  0.129265077024826     
  -34.1132979533111              344  0.129462929507667     
  -33.9838350238035              345  0.129660422827939     
  -33.8541746009755              346  0.129857552395258     
  -33.7243170485803              347  0.130054313609257     
  -33.5942627349710              348  0.130250701859808     
  -33.4640120331112              349  0.130446712527117     
  -33.3335653205841              350  0.130642340982021     
  -33.2029229796021              351  0.130837582586040     
  -33.0720853970160              352  0.131032432691740     
  -32.9410529643243              353  0.131226886642750     
  -32.8098260776815              354  0.131420939774081     
  -32.6784051379075              355  0.131614587412251     
  -32.5467905504952              356  0.131807824875537     
  -32.4149827256197              357  0.132000647474115     
  -32.2829820781456              358  0.132193050510352     
  -32.1507890276352              359  0.132385029278900     
  -32.0184039983563              360  0.132576579066978     
  -31.8858274192893              361  0.132767695154570     
  -31.7530597241348              362  0.132958372814613     
  -31.6201013513202              363  0.133148607313235     
  -31.4869527440069              364  0.133338393909945     
  -31.3536143500970              365  0.133527727857871     
  -31.2200866222391              366  0.133716604403961     
  -31.0863700178351              367  0.133905018789232     
  -30.9524649990459              368  0.134092966248943     
  -30.8183720327970              369  0.134280442012880     
  -30.6840915907841              370  0.134467441305532     
  -30.5496241494786              371  0.134653959346345     
  -30.4149701901322              372  0.134839991349939     
  -30.2801301987823              373  0.135025532526367     
  -30.1451046662559              374  0.135210578081313     
  -30.0098940881746              375  0.135395123216348     
  -29.8744989649582              376  0.135579163129172     
  -29.7389198018291              377  0.135762693013824     
  -29.6031571088152              378  0.135945708060980     
  -29.4672114007543              379  0.136128203458128     
  -29.3310831972961              380  0.136310174389877     
  -29.1947730229063              381  0.136491616038143     
  -29.0582814068681              382  0.136672523582462     
  -28.9216088832857              383  0.136852892200181     
  -28.7847559910855              384  0.137032717066752     
  -28.6477232740187              385  0.137211993355962     
  -28.5105112806628              386  0.137390716240201     
  -28.3731205644226              387  0.137568880890715     
  -28.2355516835318              388  0.137746482477873     
  -28.0978052010540              389  0.137923516171405     
  -27.9598816848826              390  0.138099977140698     
  -27.8217817077419              391  0.138275860555034     
  -27.6835058471868              392  0.138451161583863     
  -27.5450546856030              393  0.138625875397079     
  -27.4064288102059              394  0.138799997165265     
  -27.2676288130406              395  0.138973522060013     
  -27.1286552909806              396  0.139146445254120     
  -26.9895088457265              397  0.139318761921942     
  -26.8501900838046              398  0.139490467239611     
  -26.7106996165649              399  0.139661556385335     
  -26.5710380601796              400  0.139832024539682     
  -26.4312060356399              401  0.140001866885843     
  -26.2912041687541              402  0.140171078609931     
  -26.1510330901442              403  0.140339654901226     
  -26.0106934352429              404  0.140507590952527     
  -25.8701858442904              405  0.140674881960358     
  -25.7295109623300              406  0.140841523125310     
  -25.5886694392047              407  0.141007509652308     
  -25.4476619295524              408  0.141172836750908     
  -25.3064890928015              409  0.141337499635561     
  -25.1651515931660              410  0.141501493525947     
  -25.0236500996400              411  0.141664813647239     
  -24.8819852859928              412  0.141827455230391     
  -24.7401578307624              413  0.141989413512455     
  -24.5981684172499              414  0.142150683736865     
  -24.4560177335131              415  0.142311261153743     
  -24.3137064723593              416  0.142471141020174     
  -24.1712353313391              417  0.142630318600517     
  -24.0286050127386              418  0.142788789166740     
  -23.8858162235719              419  0.142946547998651     
  -23.7428696755732              420  0.143103590384264     
  -23.5997660851890              421  0.143259911620071     
  -23.4565061735689              422  0.143415507011341     
  -23.3130906665576              423  0.143570371872443     
  -23.1695202946851              424  0.143724501527142     
  -23.0257957931580              425  0.143877891308914     
  -22.8819179018491              426  0.144030536561232     
  -22.7378873652878              427  0.144182432637884     
  -22.5937049326499              428  0.144333574903314     
  -22.4493713577466              429  0.144483958732856     
  -22.3048873990138              430  0.144633579513140     
  -22.1602538195006              431  0.144782432642302     
  -22.0154713868583              432  0.144930513530376     
  -21.8705408733280              433  0.145077817599574     
  -21.7254630557284              434  0.145224340284575     
  -21.5802387154438              435  0.145370077032872     
  -21.4348686384109              436  0.145515023305080     
  -21.2893536151059              437  0.145659174575236     
  -21.1436944405306              438  0.145802526331117     
  -20.9978919141995              439  0.145945074074547     
  -20.8519468401250              440  0.146086813321723     
  -20.7058600268032              441  0.146227739603546     
  -20.5596322871997              442  0.146367848465871     
  -20.4132644387338              443  0.146507135469918     
  -20.2667573032639              444  0.146645596192492     
  -20.1201117070714              445  0.146783226226347     
  -19.9733284808451              446  0.146920021180520     
  -19.8264084596645              447  0.147055976680583     
  -19.6793524829840              448  0.147191088369034     
  -19.5321613946149              449  0.147325351905529     
  -19.3848360427094              450  0.147458762967283     
  -19.2373772797421              451  0.147591317249312     
  -19.0897859624928              452  0.147723010464791     
  -18.9420629520280              453  0.147853838345348     
  -18.7942091136827              454  0.147983796641402     
  -18.6462253170413              455  0.148112881122437     
  -18.4981124359188              456  0.148241087577350     
  -18.3498713483415              457  0.148368411814754     
  -18.2015029365267              458  0.148494849663287     
  -18.0530080868634              459  0.148620396971925     
  -17.9043876898915              460  0.148745049610291     
  -17.7556426402812              461  0.148868803468979     
  -17.6067738368122              462  0.148991654459863     
  -17.4577821823524              463  0.149113598516365     
  -17.3086685838360              464  0.149234631593842     
  -17.1594339522422              465  0.149354749669833     
  -17.0100792025723              466  0.149473948744372     
  -16.8606052538280              467  0.149592224840333     
  -16.7110130289876              468  0.149709574003708     
  -16.5613034549839              469  0.149825992303903     
  -16.4114774626800              470  0.149941475834069     
  -16.2615359868459              471  0.150056020711393     
  -16.1114799661345              472  0.150169623077391     
  -15.9613103430572              473  0.150282279098231     
  -15.8110280639589              474  0.150393984965019     
  -15.6606340789939              475  0.150504736894103     
  -15.5101293420998              476  0.150614531127365     
  -15.3595148109724              477  0.150723363932526     
  -15.2087914470399              478  0.150831231603448     
  -15.0579602154365              479  0.150938130460405     
  -14.9070220849761              480  0.151044056850404     
  -14.7559780281257              481  0.151149007147460     
  -14.6048290209782              482  0.151252977752890     
  -14.4535760432253              483  0.151355965095604     
  -14.3022200781297              484  0.151457965632400     
  -14.1507621124973              485  0.151558975848229     
  -13.9992031366491              486  0.151658992256500     
  -13.8475441443926              487  0.151758011399359     
  -13.6957861329932              488  0.151856029847968     
  -13.5439301031452              489  0.151953044202775     
  -13.3919770589425              490  0.152049051093810     
  -13.2399280078487              491  0.152144047180952     
  -13.0877839606677              492  0.152238029154205     
  -12.9355459315135              493  0.152330993733958     
  -12.7832149377795              494  0.152422937671286     
  -12.6307920001083              495  0.152513857748190     
  -12.4782781423601              496  0.152603750777869     
  -12.3256743915822              497  0.152692613605002     
  -12.1729817779772              498  0.152780443105991     
  -12.0202013348712              499  0.152867236189230     
  -11.8673340986820              500  0.152952989795370     
  -11.7143811088866              501  0.153037700897553     
  -11.5613434079891              502  0.153121366501701     
  -11.4082220414874              503  0.153203983646732     
  -11.2550180578406              504  0.153285549404838     
  -11.1017325084358              505  0.153366060881714     
  -10.9483664475541              506  0.153445515216813     
  -10.7949209323373              507  0.153523909583580     
  -10.6413970227537              508  0.153601241189710     
  -10.4877957815640              509  0.153677507277356     
  -10.3341182742866              510  0.153752705123395     
  -10.1803655691632              511  0.153826832039645     
  -10.0265387371236              512  0.153899885373093     
  -9.87263885175048              513  0.153971862506125     
  -9.71866698924435              514  0.154042760856761     
  -9.56462422838759              515  0.154112577878866     
  -9.41051165050873              516  0.154181311062366     
  -9.25633033944636              517  0.154248957933479     
  -9.10208138151288              518  0.154315516054918     
  -8.94776586545796              519  0.154380983026108     
  -8.79338488243186              520  0.154445356483379     
  -8.63893952594848              521  0.154508634100200     
  -8.48443089184828              522  0.154570813587359     
  -8.32986007826092              523  0.154631892693160     
  -8.17522818556776              524  0.154691869203642     
  -8.02053631636412              525  0.154750740942749     
  -7.86578557542137              526  0.154808505772535     
  -7.71097706964883              527  0.154865161593341     
  -7.55611190805549              528  0.154920706343989     
  -7.40119120171150              529  0.154975138001958     
  -7.24621606370954              530  0.155028454583562     
  -7.09118760912598              531  0.155080654144121     
  -6.93610695498186              532  0.155131734778146     
  -6.78097522020371              533  0.155181694619488     
  -6.62579352558423              534  0.155230531841523     
  -6.47056299374270              535  0.155278244657294     
  -6.31528474908541              536  0.155324831319686     
  -6.15995991776572              537  0.155370290121571     
  -6.00458962764415              538  0.155414619395964     
  -5.84917500824819              539  0.155457817516169     
  -5.69371719073202              540  0.155499882895922     
  -5.53821730783610              541  0.155540813989544     
  -5.38267649384655              542  0.155580609292056     
  -5.22709588455450              543  0.155619267339340     
  -5.07147661721516              544  0.155656786708248     
  -4.91581983050691              545  0.155693166016741     
  -4.76012666449017              546  0.155728403924014     
  -4.60439826056615              547  0.155762499130602     
  -4.44863576143555              548  0.155795450378516     
  -4.29284031105704              549  0.155827256451341     
  -4.13701305460569              550  0.155857916174350     
  -3.98115513843134              551  0.155887428414614     
  -3.82526771001673              552  0.155915792081095     
  -3.66935191793564              553  0.155943006124751     
  -3.51340891181088              554  0.155969069538629     
  -3.35743984227226              555  0.155993981357954     
  -3.20144586091430              556  0.156017740660216     
  -3.04542812025409              557  0.156040346565257     
  -2.88938777368883              558  0.156061798235344     
  -2.73332597545349              559  0.156082094875251     
  -2.57724388057823              560  0.156101235732326     
  -2.42114264484591              561  0.156119220096564     
  -2.26502342474934              562  0.156136047300664     
  -2.10888737744868              563  0.156151716720098     
  -1.95273566072858              564  0.156166227773159     
  -1.79656943295542              565  0.156179579921020     
  -1.64038985303440              566  0.156191772667781     
  -1.48419808036662              567  0.156202805560512     
  -1.32799527480611              568  0.156212678189297     
  -1.17178259661681              569  0.156221390187267     
  -1.01556120642955              570  0.156228941230638     
 -0.859332265198909              571  0.156235331038739     
 -0.703096934160170              572  0.156240559374034     
 -0.546856374786136              573  0.156244626042149     
 -0.390611748743987              574  0.156247530891884     
 -0.234364217852103              575  0.156249273815232     
 -7.811494403687087E-002         576  0.156229888073742     
  7.811494403687087E-002         577  0.156249273815232     
  0.234364217852103              578  0.156247530891884     
  0.390611748743987              579  0.156244626042149     
  0.546856374786136              580  0.156240559374034     
  0.703096934160170              581  0.156235331038739     
  0.859332265198909              582  0.156228941230638     
   1.01556120642955              583  0.156221390187267     
   1.17178259661681              584  0.156212678189297     
   1.32799527480611              585  0.156202805560512     
   1.48419808036662              586  0.156191772667781     
   1.64038985303440              587  0.156179579921020     
   1.79656943295542              588  0.156166227773159     
   1.95273566072858              589  0.156151716720098     
   2.10888737744868              590  0.156136047300664     
   2.26502342474934              591  0.156119220096564     
   2.42114264484591              592  0.156101235732326     
   2.57724388057823              593  0.156082094875251     
   2.73332597545349              594  0.156061798235344     
   2.88938777368883              595  0.156040346565257     
   3.04542812025409              596  0.156017740660216     
   3.20144586091430              597  0.155993981357954     
   3.35743984227226              598  0.155969069538629     
   3.51340891181088              599  0.155943006124751     
   3.66935191793564              600  0.155915792081095     
   3.82526771001673              601  0.155887428414614     
   3.98115513843134              602  0.155857916174350     
   4.13701305460569              603  0.155827256451341     
   4.29284031105704              604  0.155795450378516     
   4.44863576143555              605  0.155762499130602     
   4.60439826056615              606  0.155728403924014     
   4.76012666449017              607  0.155693166016741     
   4.91581983050691              608  0.155656786708248     
   5.07147661721516              609  0.155619267339340     
   5.22709588455450              610  0.155580609292056     
   5.38267649384655              611  0.155540813989544     
   5.53821730783610              612  0.155499882895922     
   5.69371719073202              613  0.155457817516169     
   5.84917500824819              614  0.155414619395964     
   6.00458962764415              615  0.155370290121571     
   6.15995991776572              616  0.155324831319686     
   6.31528474908541              617  0.155278244657294     
   6.47056299374270              618  0.155230531841523     
   6.62579352558423              619  0.155181694619488     
   6.78097522020371              620  0.155131734778146     
   6.93610695498186              621  0.155080654144121     
   7.09118760912598              622  0.155028454583562     
   7.24621606370954              623  0.154975138001958     
   7.40119120171150              624  0.154920706343989     
   7.55611190805549              625  0.154865161593341     
   7.71097706964883              626  0.154808505772535     
   7.86578557542137              627  0.154750740942749     
   8.02053631636412              628  0.154691869203642     
   8.17522818556776              629  0.154631892693160     
   8.32986007826092              630  0.154570813587359     
   8.48443089184828              631  0.154508634100200     
   8.63893952594848              632  0.154445356483379     
   8.79338488243186              633  0.154380983026108     
   8.94776586545796              634  0.154315516054918     
   9.10208138151288              635  0.154248957933479     
   9.25633033944636              636  0.154181311062366     
   9.41051165050873              637  0.154112577878866     
   9.56462422838759              638  0.154042760856761     
   9.71866698924435              639  0.153971862506125     
   9.87263885175048              640  0.153899885373093     
   10.0265387371236              641  0.153826832039645     
   10.1803655691632              642  0.153752705123395     
   10.3341182742866              643  0.153677507277356     
   10.4877957815640              644  0.153601241189710     
   10.6413970227537              645  0.153523909583580     
   10.7949209323373              646  0.153445515216813     
   10.9483664475541              647  0.153366060881714     
   11.1017325084358              648  0.153285549404838     
   11.2550180578406              649  0.153203983646732     
   11.4082220414874              650  0.153121366501701     
   11.5613434079891              651  0.153037700897553     
   11.7143811088866              652  0.152952989795370     
   11.8673340986820              653  0.152867236189230     
   12.0202013348712              654  0.152780443105991     
   12.1729817779772              655  0.152692613605002     
   12.3256743915822              656  0.152603750777869     
   12.4782781423601              657  0.152513857748190     
   12.6307920001083              658  0.152422937671286     
   12.7832149377795              659  0.152330993733958     
   12.9355459315135              660  0.152238029154205     
   13.0877839606677              661  0.152144047180952     
   13.2399280078487              662  0.152049051093810     
   13.3919770589425              663  0.151953044202775     
   13.5439301031452              664  0.151856029847968     
   13.6957861329932              665  0.151758011399359     
   13.8475441443926              666  0.151658992256500     
   13.9992031366491              667  0.151558975848229     
   14.1507621124973              668  0.151457965632400     
   14.3022200781297              669  0.151355965095604     
   14.4535760432253              670  0.151252977752890     
   14.6048290209782              671  0.151149007147460     
   14.7559780281257              672  0.151044056850404     
   14.9070220849761              673  0.150938130460405     
   15.0579602154365              674  0.150831231603448     
   15.2087914470399              675  0.150723363932526     
   15.3595148109724              676  0.150614531127365     
   15.5101293420998              677  0.150504736894103     
   15.6606340789939              678  0.150393984965019     
   15.8110280639589              679  0.150282279098231     
   15.9613103430572              680  0.150169623077391     
   16.1114799661345              681  0.150056020711393     
   16.2615359868459              682  0.149941475834069     
   16.4114774626800              683  0.149825992303903     
   16.5613034549839              684  0.149709574003708     
   16.7110130289876              685  0.149592224840333     
   16.8606052538280              686  0.149473948744372     
   17.0100792025723              687  0.149354749669833     
   17.1594339522422              688  0.149234631593842     
   17.3086685838360              689  0.149113598516365     
   17.4577821823524              690  0.148991654459863     
   17.6067738368122              691  0.148868803468979     
   17.7556426402812              692  0.148745049610291     
   17.9043876898915              693  0.148620396971925     
   18.0530080868634              694  0.148494849663287     
   18.2015029365267              695  0.148368411814754     
   18.3498713483415              696  0.148241087577350     
   18.4981124359188              697  0.148112881122437     
   18.6462253170413              698  0.147983796641402     
   18.7942091136827              699  0.147853838345348     
   18.9420629520280              700  0.147723010464791     
   19.0897859624928              701  0.147591317249312     
   19.2373772797421              702  0.147458762967283     
   19.3848360427094              703  0.147325351905529     
   19.5321613946149              704  0.147191088369034     
   19.6793524829840              705  0.147055976680583     
   19.8264084596645              706  0.146920021180520     
   19.9733284808451              707  0.146783226226347     
   20.1201117070714              708  0.146645596192492     
   20.2667573032639              709  0.146507135469918     
   20.4132644387338              710  0.146367848465871     
   20.5596322871997              711  0.146227739603546     
   20.7058600268032              712  0.146086813321723     
   20.8519468401250              713  0.145945074074547     
   20.9978919141995              714  0.145802526331117     
   21.1436944405306              715  0.145659174575236     
   21.2893536151059              716  0.145515023305080     
   21.4348686384109              717  0.145370077032872     
   21.5802387154438              718  0.145224340284575     
   21.7254630557284              719  0.145077817599574     
   21.8705408733280              720  0.144930513530376     
   22.0154713868583              721  0.144782432642302     
   22.1602538195006              722  0.144633579513140     
   22.3048873990138              723  0.144483958732856     
   22.4493713577466              724  0.144333574903314     
   22.5937049326499              725  0.144182432637884     
   22.7378873652878              726  0.144030536561232     
   22.8819179018491              727  0.143877891308914     
   23.0257957931580              728  0.143724501527142     
   23.1695202946851              729  0.143570371872443     
   23.3130906665576              730  0.143415507011341     
   23.4565061735689              731  0.143259911620071     
   23.5997660851890              732  0.143103590384264     
   23.7428696755732              733  0.142946547998651     
   23.8858162235719              734  0.142788789166740     
   24.0286050127386              735  0.142630318600517     
   24.1712353313391              736  0.142471141020174     
   24.3137064723593              737  0.142311261153743     
   24.4560177335131              738  0.142150683736865     
   24.5981684172499              739  0.141989413512455     
   24.7401578307624              740  0.141827455230391     
   24.8819852859928              741  0.141664813647239     
   25.0236500996400              742  0.141501493525947     
   25.1651515931660              743  0.141337499635561     
   25.3064890928015              744  0.141172836750908     
   25.4476619295524              745  0.141007509652308     
   25.5886694392047              746  0.140841523125310     
   25.7295109623300              747  0.140674881960358     
   25.8701858442904              748  0.140507590952527     
   26.0106934352429              749  0.140339654901226     
   26.1510330901442              750  0.140171078609931     
   26.2912041687541              751  0.140001866885843     
   26.4312060356399              752  0.139832024539682     
   26.5710380601796              753  0.139661556385335     
   26.7106996165649              754  0.139490467239611     
   26.8501900838046              755  0.139318761921942     
   26.9895088457265              756  0.139146445254120     
   27.1286552909806              757  0.138973522060013     
   27.2676288130406              758  0.138799997165265     
   27.4064288102059              759  0.138625875397079     
   27.5450546856030              760  0.138451161583863     
   27.6835058471868              761  0.138275860555034     
   27.8217817077419              762  0.138099977140698     
   27.9598816848826              763  0.137923516171405     
   28.0978052010540              764  0.137746482477873     
   28.2355516835318              765  0.137568880890715     
   28.3731205644226              766  0.137390716240201     
   28.5105112806628              767  0.137211993355962     
   28.6477232740187              768  0.137032717066752     
   28.7847559910855              769  0.136852892200181     
   28.9216088832857              770  0.136672523582462     
   29.0582814068681              771  0.136491616038143     
   29.1947730229063              772  0.136310174389877     
   29.3310831972961              773  0.136128203458128     
   29.4672114007543              774  0.135945708060980     
   29.6031571088152              775  0.135762693013824     
   29.7389198018291              776  0.135579163129172     
   29.8744989649582              777  0.135395123216348     
   30.0098940881746              778  0.135210578081313     
   30.1451046662559              779  0.135025532526367     
   30.2801301987823              780  0.134839991349939     
   30.4149701901322              781  0.134653959346345     
   30.5496241494786              782  0.134467441305532     
   30.6840915907841              783  0.134280442012880     
   30.8183720327970              784  0.134092966248943     
   30.9524649990459              785  0.133905018789232     
   31.0863700178351              786  0.133716604403961     
   31.2200866222391              787  0.133527727857871     
   31.3536143500970              788  0.133338393909945     
   31.4869527440069              789  0.133148607313235     
   31.6201013513202              790  0.132958372814613     
   31.7530597241348              791  0.132767695154570     
   31.8858274192893              792  0.132576579066978     
   32.0184039983563              793  0.132385029278900     
   32.1507890276352              794  0.132193050510352     
   32.2829820781456              795  0.132000647474115     
   32.4149827256197              796  0.131807824875537     
   32.5467905504952              797  0.131614587412251     
   32.6784051379075              798  0.131420939774081     
   32.8098260776815              799  0.131226886642750     
   32.9410529643243              800  0.131032432691740     
   33.0720853970160              801  0.130837582586040     
   33.2029229796021              802  0.130642340982021     
   33.3335653205841              803  0.130446712527117     
   33.4640120331112              804  0.130250701859808     
   33.5942627349710              805  0.130054313609257     
   33.7243170485803              806  0.129857552395258     
   33.8541746009755              807  0.129660422827939     
   33.9838350238035              808  0.129462929507667     
   34.1132979533111              809  0.129265077024826     
   34.2425630303360              810  0.129066869959630     
   34.3716299002956              811  0.128868312881941     
   34.5004982131775              812  0.128669410351144     
   34.6291676235287              813  0.128470166915889     
   34.7576377904446              814  0.128270587114031     
   34.8859083775586              815  0.128070675472337     
   35.0139790530309              816  0.127870436506392     
   35.1418494895373              817  0.127669874720453     
   35.2695193642578              818  0.127468994607199     
   35.3969883588650              819  0.127267800647680     
   35.5242561595127              820  0.127066297311046     
   35.6513224568237              821  0.126864489054491     
   35.7781869458782              822  0.126662380323012     
   35.9048493262012              823  0.126459975549338     
   36.0313093017506              824  0.126257279153705     
   36.1575665809043              825  0.126054295543739     
   36.2836208764480              826  0.125851029114330     
   36.4094719055623              827  0.125647484247452     
   36.5351193898098              828  0.125443665312034     
   36.6605630551218              829  0.125239576663851     
   36.7858026317857              830  0.125035222645302     
   36.9108378544310              831  0.124830607585359     
   37.0356684620163              832  0.124625735799420     
   37.1602941978157              833  0.124420611589116     
   37.2847148094049              834  0.124215239242247     
   37.4089300486471              835  0.124009623032620     
   37.5329396716797              836  0.123803767219954     
   37.6567434388997              837  0.123597676049677     
   37.7803411149494              838  0.123391353752936     
   37.9037324687023              839  0.123184804546348     
   38.0269172732486              840  0.122978032631949     
   38.1498953058806              841  0.122771042197087     
   38.2726663480777              842  0.122563837414233     
   38.3952301854919              843  0.122356422440987     
   38.5175866079329              844  0.122148801419868     
   38.6397354093528              845  0.121940978478207     
   38.7616763878310              846  0.121732957728142     
   38.8834093455591              847  0.121524743266413     
   39.0049340888255              848  0.121316339174278     
   39.1262504279998              849  0.121107749517435     
   39.2473581775172              850  0.120898978345963     
   39.3682571558632              851  0.120690029694089     
   39.4889471855573              852  0.120480907580273     
   39.6094280931376              853  0.120271616006974     
   39.7296997091445              854  0.120062158960607     
   39.8497618681051              855  0.119852540411514     
   39.9696144085167              856  0.119642764313753     
   40.0892571728304              857  0.119432834605121     
   40.2086900074355              858  0.119222755207019     
   40.3279127626426              859  0.119012530024413     
   40.4469252926670              860  0.118802162945670     
   40.5657274556126              861  0.118591657842579     
   40.6843191134552              862  0.118381018570233     
   40.8027001320254              863  0.118170248966919     
   40.9208703809924              864  0.117959352854129     
   41.0388297338465              865  0.117748334036392     
   41.1565780678829              866  0.117537196301313     
   41.2741152641842              867  0.117325943419402     
   41.3914412076036              868  0.117114579144058     
   41.5085557867477              869  0.116903107211556     
   41.6254588939592              870  0.116691531340862     
   41.7421504253001              871  0.116479855233706     
   41.8586302805338              872  0.116268082574436     
   41.9748983631082              873  0.116056217029993     
   42.0909545801382              874  0.115844262249851     
   42.2067988423881              875  0.115632221865965     
   42.3224310642540              876  0.115420099492752     
   42.4378511637468              877  0.115207898726950     
   42.5530590624737              878  0.114995623147706     
   42.6680546856214              879  0.114783276316402     
   42.7828379619378              880  0.114570861776670     
   42.8974088237145              881  0.114358383054366     
   43.0117672067689              882  0.114145843657511     
   43.1259130504264              883  0.113933247076204     
   43.2398462975026              884  0.113720596782670     
   43.3535668942853              885  0.113507896231162     
   43.4670747905164              886  0.113295148857951     
   43.5803699393744              887  0.113082358081300     
   43.6934522974557              888  0.112869527301370     
   43.8063218247570              889  0.112656659900296     
   43.9189784846573              890  0.112443759242097     
   44.0314222438994              891  0.112230828672594     
   44.1436530725720              892  0.112017871519512     
   44.2556709440915              893  0.111804891092362     
   44.3674758351839              894  0.111591890682448     
   44.4790677258664              895  0.111378873562806     
   44.5904465994292              896  0.111165842988292     
   44.7016124424175              897  0.110952802195420     
   44.8125652446129              898  0.110739754402466     
   44.9233049990153              899  0.110526702809388     
   45.0338317018247              900  0.110313650597810     
   45.1441453524225              901  0.110100600931041     
   45.2542459533536              902  0.109887556954071     
   45.3641335103077              903  0.109674521793494     
   45.4738080321011              904  0.109461498557579     
   45.5832695306587              905  0.109248490336213     
   45.6925180209949              906  0.109035500200918     
   45.8015535211959              907  0.108822531204837     
   45.9103760524007              908  0.108609586382720     
   46.0189856387834              909  0.108396668750949     
   46.1273823075344              910  0.108183781307517     
   46.2355660888419              911  0.107970927032014     
   46.3435370158739              912  0.107758108885704     
   46.4512951247596              913  0.107545329811401     
   46.5588404545710              914  0.107332592733570     
   46.6661730473046              915  0.107119900558345     
   46.7732929478629              916  0.106907256173429     
   46.8802002040363              917  0.106694662448220     
   46.9868948664846              918  0.106482122233743     
   47.0933769887183              919  0.106269638362690     
   47.1996466270810              920  0.106057213649450     
   47.3057038407304              921  0.105844850890037     
   47.4115486916205              922  0.105632552862232     
   47.5171812444827              923  0.105420322325500     
   47.6226015668082              924  0.105208162021015     
   47.7278097288292              925  0.104996074671718     
   47.8328058035009              926  0.104784062982311     
   47.9375898664833              927  0.104572129639280     
   48.0421619961225              928  0.104360277310896     
   48.1465222734334              929  0.104148508647263     
   48.2506707820807              930  0.103936826280325     
   48.3546076083610              931  0.103725232823891     
   48.4583328411849              932  0.103513730873644     
   48.5618465720586              933  0.103302323007213     
   48.6651488950658              934  0.103091011784130     
   48.7682399068499              935  0.102879799745921     
   48.8711197065958              936  0.102668689416078     
   48.9737883960119              937  0.102457683300138     
   49.0762460793120              938  0.102246783885661     
   49.1784928631977              939  0.102035993642311     
   49.2805288568400              940  0.101825315021870     
   49.3823541718619              941  0.101614750458211     
   49.4839689223201              942  0.101404302367435     
   49.5853732246875              943  0.101193973147844     
   49.6865671978354              944  0.100983765179954     
   49.7875509630153              945  0.100773680826592     
   49.8883246438419              946  0.100563722432867     
   49.9888883662748              947  0.100353892326268     
   50.0892422586010              948  0.100144192816657     
   50.1893864514177              949  9.993462619632254E-002
   50.2893210776140              950  9.972519474002439E-002
   50.3890462723541              951  9.951590070501481E-002
   50.4885621730591              952  9.930674633110925E-002
   50.5878689193902              953  9.909773384069354E-002
   50.6869666532309              954  9.888886543880204E-002
   50.7858555186697              955  9.868014331311770E-002
   50.8845356619828              956  9.847156963405013E-002
   50.9830072316168              957  9.826314655477830E-002
   51.0812703781716              958  9.805487621125053E-002
   51.1793252543829              959  9.784676072229814E-002
   51.2771720151052              960  9.763880218964260E-002
   51.3748108172948              961  9.743100269792393E-002
   51.4722418199927              962  9.722336431478595E-002
   51.5694651843075              963  9.701588909091186E-002
   51.6664810733984              964  9.680857906007390E-002
   51.7632896524585              965  9.660143623916184E-002
   51.8598910886977              966  9.639446262823981E-002
   51.9562855513259              967  9.618766021065284E-002
   52.0524732115366              968  9.598103095296295E-002
   52.1484542424895              969  9.577457680514101E-002
   52.2442288192947              970  9.556829970046010E-002
   52.3397971189951              971  9.536220155573005E-002
   52.4351593205509              972  9.515628427114819E-002
   52.5303156048220              973  9.495054973054806E-002
   52.6252661545525              974  9.474499980132123E-002
   52.7200111543539              975  9.453963633448836E-002
   52.8145507906884              976  9.433446116482713E-002
   52.9088852518532              977  9.412947611085798E-002
   53.0030147279640              978  9.392468297490808E-002
   53.0969394109390              979  9.372008354319661E-002
   53.1906594944821              980  9.351567958585605E-002
   53.2841751740680              981  9.331147285704589E-002
   53.3774866469250              982  9.310746509491707E-002
   53.4705941120200              983  9.290365802175415E-002
   53.5634977700417              984  9.270005334403209E-002
   53.6561978233858              985  9.249665275237362E-002
   53.7486944761381              986  9.229345792174115E-002
   53.8409879340599              987  9.209047051142250E-002
   53.9330784045713              988  9.188769216508774E-002
   54.0249660967364              989  9.168512451088873E-002
   54.1166512212473              990  9.148276916147324E-002
   54.2081339904087              991  9.128062771405610E-002
   54.2994146181228              992  9.107870175056121E-002
   54.3904933198734              993  9.087699283752215E-002
   54.4813703127109              994  9.067550252630241E-002
   54.5720458152372              995  9.047423235306695E-002
   54.6625200475902              996  9.027318383885330E-002
   54.7527932314291              997  9.007235848968520E-002
   54.8428655899188              998  8.987175779656553E-002
   54.9327373477154              999  8.967138323558999E-002
   55.0224087309509             1000  8.947123626798259E-002
   55.1118799672189             1001  8.927131834017388E-002
   55.2011512855591             1002  8.907163088386483E-002
   55.2902229164430             1003  8.887217531608371E-002
   55.3790950917590             1004  8.867295303924294E-002
   55.4677680447983             1005  8.847396544123853E-002
   55.5562420102395             1006  8.827521389545723E-002
   55.6445172241350             1007  8.807669976089016E-002
   55.7325939238959             1008  8.787842438218263E-002
   55.8204723482781             1009  8.768038908971221E-002
   55.9081527373678             1010  8.748259519960300E-002
   55.9956353325674             1011  8.728504401385351E-002
   56.0829203765812             1012  8.708773682036508E-002
   56.1700081134016             1013  8.689067489305558E-002
   56.2568987882946             1014  8.669385949182384E-002
   56.3435926477865             1015  8.649729186273447E-002
   56.4300899396492             1016  8.630097323802488E-002
   56.5163909128872             1017  8.610490483615507E-002
   56.6024958177234             1018  8.590908786189999E-002
   56.6884049055853             1019  8.571352350644190E-002
   56.7741184290917             1020  8.551821294737039E-002
   56.8596366420391             1021  8.532315734882445E-002
   56.9449597993879             1022  8.512835786148543E-002
   57.0300881572494             1023  8.493381562271907E-002
   57.1150219728721             1024  8.473953175655424E-002
   57.1997615046287             1025  8.454550737384636E-002
   57.2843070120025             1026  8.435174357229869E-002
   57.3686587555748             1027  8.415824143648365E-002
   57.4528169970113             1028  8.396500203798496E-002
   57.5367819990493             1029  8.377202643546866E-002
   57.6205540254848             1030  8.357931567464760E-002
   57.7041333411594             1031  8.338687078847329E-002
   57.7875202119479             1032  8.319469279712877E-002
   57.8707149047450             1033  8.300278270813521E-002
   57.9537176874531             1034  8.281114151636615E-002
   58.0365288289695             1035  8.261977020418243E-002
   58.1191485991737             1036  8.242866974146068E-002
   58.2015772689152             1037  8.223784108565724E-002
   58.2838151100008             1038  8.204728518188631E-002
   58.3658623951827             1039  8.185700296300524E-002
   58.4477193981457             1040  8.166699534965005E-002
   58.5293863934954             1041  8.147726325032068E-002
   58.6108636567457             1042  8.128780756144494E-002
   58.6921514643071             1043  8.109862916744959E-002
   58.7732500934746             1044  8.090972894081006E-002
   58.8541598224154             1045  8.072110774216412E-002
   58.9348809301575             1046  8.053276642033325E-002
   59.0154136965779             1047  8.034470581236519E-002
   59.0957584023902             1048  8.015692674372588E-002
   59.1759153291340             1049  7.996943002818568E-002
   59.2558847591622             1050  7.978221646806105E-002
   59.3356669756302             1051  7.959528685415762E-002
   59.4152622624844             1052  7.940864196592656E-002
   59.4946709044503             1053  7.922228257140773E-002
   59.5738931870217             1054  7.903620942748546E-002
   59.6529293964492             1055  7.885042327974645E-002
   59.7317798197289             1056  7.866492486272136E-002
   59.8104447445917             1057  7.847971489982797E-002
   59.8889244594915             1058  7.829479410352747E-002
   59.9672192535950             1059  7.811016317531028E-002
   60.0453294167703             1060  7.792582280585236E-002
   60.1232552395762             1061  7.774177367498680E-002
   60.2009970132512             1062  7.755801645183169E-002
   60.2785550297030             1063  7.737455179484698E-002
   60.3559295814978             1064  7.719138035190554E-002
   60.4331209618498             1065  7.700850276030025E-002
   60.5101294646101             1066  7.682591964692165E-002
   60.5869553842570             1067  7.664363162820820E-002
   60.6635990158852             1068  7.646163931028127E-002
   60.7400606551955             1069  7.627994328899490E-002
   60.8163405984845             1070  7.609854414999973E-002
   60.8924391426345             1071  7.591744246879983E-002
   60.9683565851033             1072  7.573663881082382E-002
   61.0440932239141             1073  7.555613373148873E-002
   61.1196493576456             1074  7.537592777629243E-002
   61.1950252854219             1075  7.519602148080651E-002
   61.2702213069027             1076  7.501641537081127E-002
   61.3452377222735             1077  7.483710996237392E-002
   61.4200748322359             1078  7.465810576178455E-002
   61.4947329379976             1079  7.447940326579072E-002
   61.5692123412634             1080  7.430100296155473E-002
   61.6435133442250             1081  7.412290532671761E-002
   61.7176362495517             1082  7.394511082951993E-002
   61.7915813603812             1083  7.376761992883019E-002
   61.8653489803101             1084  7.359043307419455E-002
   61.9389394133842             1085  7.341355070590794E-002
   62.0123529640902             1086  7.323697325513479E-002
   62.0855899373453             1087  7.306070114385932E-002
   62.1586506384891             1088  7.288473478504898E-002
   62.2315353732742             1089  7.270907458267573E-002
   62.3042444478569             1090  7.253372093177290E-002
   62.3767781687886             1091  7.235867421847786E-002
   62.4491368430071             1092  7.218393482018826E-002
   62.5213207778273             1093  7.200950310547682E-002
   62.5933302809328             1094  7.183537943431162E-002
   62.6651656603671             1095  7.166156415796365E-002
   62.7368272245251             1096  7.148805761918453E-002
   62.8083152821442             1097  7.131486015222066E-002
   62.8796301422965             1098  7.114197208284878E-002
   62.9507721143793             1099  7.096939372851097E-002
   63.0217415081078             1100  7.079712539827909E-002
   63.0925386335061             1101  7.062516739301827E-002
   63.1631638008991             1102  7.045352000533001E-002
   63.2336173209045             1103  7.028218351973692E-002
   63.3038995044242             1104  7.011115821261171E-002
   63.3740106626368             1105  6.994044435237612E-002
   63.4439511069892             1106  6.977004219942984E-002
   63.5137211491886             1107  6.970158869516752E-002
   63.5834227378838             1108  7.248146042341830E-002
   63.6559041983072             1109  7.822689726000931E-002
   63.7341310955672             1110  8.442776151557041E-002
   63.8185588570828             1111  9.112015386264716E-002
   63.9096790109454             1112  9.834303659017962E-002
   64.0080220475356             1113  0.106138460437165     
   64.1141605079728             1114  0.114551809406862     
   64.2287123173796             1115  0.123632064986964     
   64.3523443823666             1116  0.133432091313864     
   64.4857764736805             1117  0.144008942941042     
   64.6297854166215             1118  0.155424197003782     
   64.7852096136253             1119  0.167744311713761     
   64.9529539253390             1120  0.181041013270573     
   65.1339949386096             1121  0.195391713442746     
   65.3293866520524             1122  0.210879960249883     
   65.5402666123022             1123  0.227595924368757     
   65.7678625366710             1124  0.245636924095962     
   66.0134994607670             1125  0.265107991923315     
   66.2786074526903             1126  0.286122486023928     
   66.5647299387142             1127  0.308802750209821     
   66.8735326889240             1128  0.333280826202383     
   67.2068135151264             1129  0.359699222363417     
   67.5665127374898             1130  0.388211743361040     
   67.9547244808509             1131  0.418984385601931     
   68.3737088664528             1132  0.452196303641841     
   68.8259051700946             1133  0.488040853201682     
   69.3139460232963             1134  0.526726716860736     
   69.8406727401571             1135  0.568479118981116     
   70.4091518591382             1136  0.613541136936476     
   71.0226929960747             1137  0.662175116278661     
   71.6848681123533             1138  0.714664198081351     
   72.3995323104347             1139  0.771313967352953     
   73.1708462777876             1140  0.832454232114770     
   74.0033005099024             1141  0.898440943503218     
   74.9017414534056             1142  0.969658268073630     
   75.8713997214792             1143   1.04652082437086     
   76.9179205458501             1144   1.12947609678785     
   78.0473966426379             1145   1.21900704076486     
   79.2664036834028             1146   1.31563489449695     
   80.5820385778998             1147   1.41992221351892     
   82.0019607914187             1148   1.53247614583482     
   83.5344369372535             1149   1.65395196665921     
   85.1883889039127             1150   1.78505689334933     
   86.9734457972620             1151   1.92655420273796     
   88.9000000000000             1152  0.000000000000000E+000
