  -89.8750000000000       -89.6250000000000       -89.3750000000000     
  -89.1250000000000       -88.8750000000000       -88.6250000000000     
  -88.3750000000000       -88.1250000000000       -87.8750000000000     
  -87.6250000000000       -87.3750000000000       -87.1250000000000     
  -86.8750000000000       -86.6250000000000       -86.3750000000000     
  -86.1250000000000       -85.8750000000000       -85.6250000000000     
  -85.3750000000000       -85.1250000000000       -84.8750000000000     
  -84.6250000000000       -84.3750000000000       -84.1250000000000     
  -83.8750000000000       -83.6250000000000       -83.3750000000000     
  -83.1250000000000       -82.8750000000000       -82.6250000000000     
  -82.3750000000000       -82.1250000000000       -81.8750000000000     
  -81.6250000000000       -81.3750000000000       -81.1250000000000     
  -80.8750000000000       -80.6250000000000       -80.3750000000000     
  -80.1250000000000       -79.8750000000000       -79.6250000000000     
  -79.3750000000000       -79.1250000000000       -78.8750000000000     
  -78.6250000000000       -78.3750000000000       -78.1250000000000     
  -77.8750000000000       -77.6250000000000       -77.3750000000000     
  -77.1250000000000       -76.8750000000000       -76.6250000000000     
  -76.3750000000000       -76.1250000000000       -75.8750000000000     
  -75.6250000000000       -75.3750000000000       -75.1250000000000     
  -74.8750000000000       -74.6250000000000       -74.3750000000000     
  -74.1250000000000       -73.8750000000000       -73.6250000000000     
  -73.3750000000000       -73.1250000000000       -72.8750000000000     
  -72.6250000000000       -72.3750000000000       -72.1250000000000     
  -71.8750000000000       -71.6250000000000       -71.3750000000000     
  -71.1250000000000       -70.8750000000000       -70.6250000000000     
  -70.3750000000000       -70.1250000000000       -69.8750000000000     
  -69.6250000000000       -69.3750000000000       -69.1250000000000     
  -68.8750000000000       -68.6250000000000       -68.3750000000000     
  -68.1250000000000       -67.8750000000000       -67.6250000000000     
  -67.3750000000000       -67.1250000000000       -66.8750000000000     
  -66.6250000000000       -66.3750000000000       -66.1250000000000     
  -65.8750000000000       -65.6250000000000       -65.3750000000000     
  -65.1250000000000       -64.8750000000000       -64.6250000000000     
  -64.3750000000000       -64.1250000000000       -63.8750000000000     
  -63.6250000000000       -63.3750000000000       -63.1250000000000     
  -62.8750000000000       -62.6250000000000       -62.3750000000000     
  -62.1250000000000       -61.8750000000000       -61.6250000000000     
  -61.3750000000000       -61.1250000000000       -60.8750000000000     
  -60.6250000000000       -60.3750000000000       -60.1250000000000     
  -59.8750000000000       -59.6250000000000       -59.3750000000000     
  -59.1250000000000       -58.8750000000000       -58.6250000000000     
  -58.3750000000000       -58.1250000000000       -57.8750000000000     
  -57.6250000000000       -57.3750000000000       -57.1250000000000     
  -56.8750000000000       -56.6250000000000       -56.3750000000000     
  -56.1250000000000       -55.8750000000000       -55.6250000000000     
  -55.3750000000000       -55.1250000000000       -54.8750000000000     
  -54.6250000000000       -54.3750000000000       -54.1250000000000     
  -53.8750000000000       -53.6250000000000       -53.3750000000000     
  -53.1250000000000       -52.8750000000000       -52.6250000000000     
  -52.3750000000000       -52.1250000000000       -51.8750000000000     
  -51.6250000000000       -51.3750000000000       -51.1250000000000     
  -50.8750000000000       -50.6250000000000       -50.3750000000000     
  -50.1250000000000       -49.8750000000000       -49.6250000000000     
  -49.3750000000000       -49.1250000000000       -48.8750000000000     
  -48.6250000000000       -48.3750000000000       -48.1250000000000     
  -47.8750000000000       -47.6250000000000       -47.3750000000000     
  -47.1250000000000       -46.8750000000000       -46.6250000000000     
  -46.3750000000000       -46.1250000000000       -45.8750000000000     
  -45.6250000000000       -45.3750000000000       -45.1250000000000     
  -44.8750000000000       -44.6250000000000       -44.3750000000000     
  -44.1250000000000       -43.8750000000000       -43.6250000000000     
  -43.3750000000000       -43.1250000000000       -42.8750000000000     
  -42.6250000000000       -42.3750000000000       -42.1250000000000     
  -41.8750000000000       -41.6250000000000       -41.3750000000000     
  -41.1250000000000       -40.8750000000000       -40.6250000000000     
  -40.3750000000000       -40.1250000000000       -39.8750000000000     
  -39.6250000000000       -39.3750000000000       -39.1250000000000     
  -38.8750000000000       -38.6250000000000       -38.3750000000000     
  -38.1250000000000       -37.8750000000000       -37.6250000000000     
  -37.3750000000000       -37.1250000000000       -36.8750000000000     
  -36.6250000000000       -36.3750000000000       -36.1250000000000     
  -35.8750000000000       -35.6250000000000       -35.3750000000000     
  -35.1250000000000       -34.8750000000000       -34.6250000000000     
  -34.3750000000000       -34.1250000000000       -33.8750000000000     
  -33.6250000000000       -33.3750000000000       -33.1250000000000     
  -32.8750000000000       -32.6250000000000       -32.3750000000000     
  -32.1250000000000       -31.8750000000000       -31.6250000000000     
  -31.3750000000000       -31.1250000000000       -30.8750000000000     
  -30.6250000000000       -30.3750000000000       -30.1250000000000     
  -29.8750000000000       -29.6250000000000       -29.3750000000000     
  -29.1250000000000       -28.8750000000000       -28.6250000000000     
  -28.3750000000000       -28.1250000000000       -27.8750000000000     
  -27.6250000000000       -27.3750000000000       -27.1250000000000     
  -26.8750000000000       -26.6250000000000       -26.3750000000000     
  -26.1250000000000       -25.8750000000000       -25.6250000000000     
  -25.3750000000000       -25.1250000000000       -24.8750000000000     
  -24.6250000000000       -24.3750000000000       -24.1250000000000     
  -23.8750000000000       -23.6250000000000       -23.3750000000000     
  -23.1250000000000       -22.8750000000000       -22.6250000000000     
  -22.3750000000000       -22.1250000000000       -21.8750000000000     
  -21.6250000000000       -21.3750000000000       -21.1250000000000     
  -20.8750000000000       -20.6250000000000       -20.3750000000000     
  -20.1250000000000       -19.8750000000000       -19.6250000000000     
  -19.3750000000000       -19.1250000000000       -18.8750000000000     
  -18.6250000000000       -18.3750000000000       -18.1250000000000     
  -17.8750000000000       -17.6250000000000       -17.3750000000000     
  -17.1250000000000       -16.8750000000000       -16.6250000000000     
  -16.3750000000000       -16.1250000000000       -15.8750000000000     
  -15.6250000000000       -15.3750000000000       -15.1250000000000     
  -14.8750000000000       -14.6250000000000       -14.3750000000000     
  -14.1250000000000       -13.8750000000000       -13.6250000000000     
  -13.3750000000000       -13.1250000000000       -12.8750000000000     
  -12.6250000000000       -12.3750000000000       -12.1250000000000     
  -11.8750000000000       -11.6250000000000       -11.3750000000000     
  -11.1250000000000       -10.8750000000000       -10.6250000000000     
  -10.3750000000000       -10.1250000000000       -9.87500000000000     
  -9.62500000000000       -9.37500000000000       -9.12500000000000     
  -8.87500000000000       -8.62500000000000       -8.37500000000000     
  -8.12500000000000       -7.87500000000000       -7.62500000000000     
  -7.37500000000000       -7.12500000000000       -6.87500000000000     
  -6.62500000000000       -6.37500000000000       -6.12500000000000     
  -5.87500000000000       -5.62500000000000       -5.37500000000000     
  -5.12500000000000       -4.87500000000000       -4.62500000000000     
  -4.37500000000000       -4.12500000000000       -3.87500000000000     
  -3.62500000000000       -3.37500000000000       -3.12500000000000     
  -2.87500000000000       -2.62500000000000       -2.37500000000000     
  -2.12500000000000       -1.87500000000000       -1.62500000000000     
  -1.37500000000000       -1.12500000000000      -0.875000000000000     
 -0.625000000000000      -0.375000000000000      -0.125000000000000     
  0.125000000000000       0.375000000000000       0.625000000000000     
  0.875000000000000        1.12500000000000        1.37500000000000     
   1.62500000000000        1.87500000000000        2.12500000000000     
   2.37500000000000        2.62500000000000        2.87500000000000     
   3.12500000000000        3.37500000000000        3.62500000000000     
   3.87500000000000        4.12500000000000        4.37500000000000     
   4.62500000000000        4.87500000000000        5.12500000000000     
   5.37500000000000        5.62500000000000        5.87500000000000     
   6.12500000000000        6.37500000000000        6.62500000000000     
   6.87500000000000        7.12500000000000        7.37500000000000     
   7.62500000000000        7.87500000000000        8.12500000000000     
   8.37500000000000        8.62500000000000        8.87500000000000     
   9.12500000000000        9.37500000000000        9.62500000000000     
   9.87500000000000        10.1250000000000        10.3750000000000     
   10.6250000000000        10.8750000000000        11.1250000000000     
   11.3750000000000        11.6250000000000        11.8750000000000     
   12.1250000000000        12.3750000000000        12.6250000000000     
   12.8750000000000        13.1250000000000        13.3750000000000     
   13.6250000000000        13.8750000000000        14.1250000000000     
   14.3750000000000        14.6250000000000        14.8750000000000     
   15.1250000000000        15.3750000000000        15.6250000000000     
   15.8750000000000        16.1250000000000        16.3750000000000     
   16.6250000000000        16.8750000000000        17.1250000000000     
   17.3750000000000        17.6250000000000        17.8750000000000     
   18.1250000000000        18.3750000000000        18.6250000000000     
   18.8750000000000        19.1250000000000        19.3750000000000     
   19.6250000000000        19.8750000000000        20.1250000000000     
   20.3750000000000        20.6250000000000        20.8750000000000     
   21.1250000000000        21.3750000000000        21.6250000000000     
   21.8750000000000        22.1250000000000        22.3750000000000     
   22.6250000000000        22.8750000000000        23.1250000000000     
   23.3750000000000        23.6250000000000        23.8750000000000     
   24.1250000000000        24.3750000000000        24.6250000000000     
   24.8750000000000        25.1250000000000        25.3750000000000     
   25.6250000000000        25.8750000000000        26.1250000000000     
   26.3750000000000        26.6250000000000        26.8750000000000     
   27.1250000000000        27.3750000000000        27.6250000000000     
   27.8750000000000        28.1250000000000        28.3750000000000     
   28.6250000000000        28.8750000000000        29.1250000000000     
   29.3750000000000        29.6250000000000        29.8750000000000     
   30.1250000000000        30.3750000000000        30.6250000000000     
   30.8750000000000        31.1250000000000        31.3750000000000     
   31.6250000000000        31.8750000000000        32.1250000000000     
   32.3750000000000        32.6250000000000        32.8750000000000     
   33.1250000000000        33.3750000000000        33.6250000000000     
   33.8750000000000        34.1250000000000        34.3750000000000     
   34.6250000000000        34.8750000000000        35.1250000000000     
   35.3750000000000        35.6250000000000        35.8750000000000     
   36.1250000000000        36.3750000000000        36.6250000000000     
   36.8750000000000        37.1250000000000        37.3750000000000     
   37.6250000000000        37.8750000000000        38.1250000000000     
   38.3750000000000        38.6250000000000        38.8750000000000     
   39.1250000000000        39.3750000000000        39.6250000000000     
   39.8750000000000        40.1250000000000        40.3750000000000     
   40.6250000000000        40.8750000000000        41.1250000000000     
   41.3750000000000        41.6250000000000        41.8750000000000     
   42.1250000000000        42.3750000000000        42.6250000000000     
   42.8750000000000        43.1250000000000        43.3750000000000     
   43.6250000000000        43.8750000000000        44.1250000000000     
   44.3750000000000        44.6250000000000        44.8750000000000     
   45.1250000000000        45.3750000000000        45.6250000000000     
   45.8750000000000        46.1250000000000        46.3750000000000     
   46.6250000000000        46.8750000000000        47.1250000000000     
   47.3750000000000        47.6250000000000        47.8750000000000     
   48.1250000000000        48.3750000000000        48.6250000000000     
   48.8750000000000        49.1250000000000        49.3750000000000     
   49.6250000000000        49.8750000000000        50.1250000000000     
   50.3750000000000        50.6250000000000        50.8750000000000     
   51.1250000000000        51.3750000000000        51.6250000000000     
   51.8750000000000        52.1250000000000        52.3750000000000     
   52.6250000000000        52.8750000000000        53.1250000000000     
   53.3750000000000        53.6250000000000        53.8750000000000     
   54.1250000000000        54.3750000000000        54.6250000000000     
   54.8750000000000        55.1250000000000        55.3750000000000     
   55.6250000000000        55.8750000000000        56.1250000000000     
   56.3750000000000        56.6250000000000        56.8750000000000     
   57.1250000000000        57.3750000000000        57.6250000000000     
   57.8750000000000        58.1250000000000        58.3750000000000     
   58.6250000000000        58.8750000000000        59.1250000000000     
   59.3750000000000        59.6250000000000        59.8750000000000     
   60.1250000000000        60.3750000000000        60.6250000000000     
   60.8750000000000        61.1250000000000        61.3750000000000     
   61.6250000000000        61.8750000000000        62.1250000000000     
   62.3750000000000        62.6250000000000        62.8750000000000     
   63.1250000000000        63.3750000000000        63.6250000000000     
   63.8750000000000        64.1250000000000        64.3750000000000     
   64.6250000000000        64.8750000000000        65.1250000000000     
   65.3750000000000        65.6250000000000        65.8750000000000     
   66.1250000000000        66.3750000000000        66.6250000000000     
   66.8750000000000        67.1250000000000        67.3750000000000     
   67.6250000000000        67.8750000000000        68.1250000000000     
   68.3750000000000        68.6250000000000        68.8750000000000     
   69.1250000000000        69.3750000000000        69.6250000000000     
   69.8750000000000        70.1250000000000        70.3750000000000     
   70.6250000000000        70.8750000000000        71.1250000000000     
   71.3750000000000        71.6250000000000        71.8750000000000     
   72.1250000000000        72.3750000000000        72.6250000000000     
   72.8750000000000        73.1250000000000        73.3750000000000     
   73.6250000000000        73.8750000000000        74.1250000000000     
   74.3750000000000        74.6250000000000        74.8750000000000     
   75.1250000000000        75.3750000000000        75.6250000000000     
   75.8750000000000        76.1250000000000        76.3750000000000     
   76.6250000000000        76.8750000000000        77.1250000000000     
   77.3750000000000        77.6250000000000        77.8750000000000     
   78.1250000000000        78.3750000000000        78.6250000000000     
   78.8750000000000        79.1250000000000        79.3750000000000     
   79.6250000000000        79.8750000000000        80.1250000000000     
   80.3750000000000        80.6250000000000        80.8750000000000     
   81.1250000000000        81.3750000000000        81.6250000000000     
   81.8750000000000        82.1250000000000        82.3750000000000     
   82.6250000000000        82.8750000000000        83.1250000000000     
   83.3750000000000        83.6250000000000        83.8750000000000     
   84.1250000000000        84.3750000000000        84.6250000000000     
   84.8750000000000        85.1250000000000        85.3750000000000     
   85.6250000000000        85.8750000000000        86.1250000000000     
   86.3750000000000        86.6250000000000        86.8750000000000     
   87.1250000000000        87.3750000000000        87.6250000000000     
   87.8750000000000        88.1250000000000        88.3750000000000     
   88.6250000000000        88.8750000000000        89.1250000000000     
   89.3750000000000        89.6250000000000        89.8750000000000     
