  -88.9000000000000       -86.9455312855803       -85.0800520443546     
  -83.2995104712053       -81.6000392449106       -79.9779471283559     
  -78.4297109511976       -76.9519679575672       -75.5415085021941     
  -74.1952690790831       -72.9103256676052       -71.6838873815497     
  -70.5132904073433       -69.3959922182690       -68.3295660521197     
  -67.3116956402917       -66.3401701768683       -65.4128795167687     
  -64.5278095925299       -63.6830380397702       -62.8767300218294     
  -62.1071342445191       -61.3725791523268       -60.6714692978117     
  -60.0022818763057       -59.3635634183950       -58.7539266329968     
  -58.1720473941749       -57.6166618651490       -57.0865637532523     
  -56.5806016898740       -56.0976767296962       -55.6367399637941     
  -55.1967902414147       -54.7768719954860       -54.3669867988244     
  -53.9553044579256       -53.5395169741191       -53.1196055291683     
  -52.6955519999265       -52.2673389876667       -51.8349498478846     
  -51.3983687205586       -50.9575805608489       -50.5125711702146     
  -50.0633272279295       -49.6098363229712       -49.1520869862592     
  -48.6900687232150       -48.2237720466144       -47.7531885097011     
  -47.2783107395285       -46.7991324704942       -46.3156485780297     
  -45.8278551124056       -45.3357493326112       -44.8393297402629     
  -44.3385961134975       -43.8335495407996       -43.3241924547149     
  -42.8105286653949       -42.2925633939185       -41.7703033053345     
  -41.2437565413648       -40.7129327527076       -40.1778431308776     
  -39.6385004395187       -39.0949190451209       -38.5471149470755     
  -37.9951058069961       -37.4389109772351       -36.8785515285224     
  -36.3140502766529       -35.7454318081463       -35.1727225048045     
  -34.5959505670884       -34.0151460362388       -33.4303408150615     
  -32.8415686872999       -32.2488653355185       -31.6522683574183     
  -31.0518172805082       -30.4475535750568       -29.8395206652505     
  -29.2277639384828       -28.6123307527056       -27.9932704417712     
  -27.3706343186987       -26.7444756768000       -26.1148497886028     
  -25.4818139025133       -24.8454272371623       -24.2057509733842     
  -23.5628482437803       -22.9167841198257       -22.2676255964794     
  -21.6154415742651       -20.9603028387954       -20.3022820377145     
  -19.6414536550459       -18.9778939829301       -18.3116810907508     
  -17.6428947916486       -16.9716166064315       -16.2979297248964     
  -15.6219189645822       -14.9436707269835       -14.2632729512596     
  -13.5808150654808       -12.8963879354605       -12.2100838112298     
  -11.5219962712174       -10.8322201642028       -10.1408515491220     
  -9.44798763280600       -8.75372670574269       -8.05816807595762     
  -7.36141200111474       -6.66355961894459       -5.96471287611238     
  -5.26497445564364       -4.56444770302997       -3.86323655114154     
  -3.16144544407711       -2.45917926008596       -1.75654323369907     
  -1.05364287720975      -0.350583901645929       0.350583901645929     
   1.05364287720975        1.75654323369907        2.45917926008596     
   3.16144544407711        3.86323655114154        4.56444770302997     
   5.26497445564364        5.96471287611238        6.66355961894459     
   7.36141200111474        8.05816807595762        8.75372670574269     
   9.44798763280600        10.1408515491220        10.8322201642028     
   11.5219962712174        12.2100838112298        12.8963879354605     
   13.5808150654808        14.2632729512596        14.9436707269835     
   15.6219189645822        16.2979297248964        16.9716166064315     
   17.6428947916486        18.3116810907508        18.9778939829301     
   19.6414536550459        20.3022820377145        20.9603028387954     
   21.6154415742651        22.2676255964794        22.9167841198257     
   23.5628482437803        24.2057509733842        24.8454272371623     
   25.4818139025133        26.1148497886028        26.7444756768000     
   27.3706343186987        27.9932704417712        28.6123307527056     
   29.2277639384828        29.8395206652505        30.4475535750568     
   31.0518172805082        31.6522683574183        32.2488653355185     
   32.8415686872999        33.4303408150615        34.0151460362388     
   34.5959505670884        35.1727225048045        35.7454318081463     
   36.3140502766529        36.8785515285224        37.4389109772351     
   37.9951058069961        38.5471149470755        39.0949190451209     
   39.6385004395187        40.1778431308776        40.7129327527076     
   41.2437565413648        41.7703033053345        42.2925633939185     
   42.8105286653949        43.3241924547149        43.8335495407996     
   44.3385961134975        44.8393297402629        45.3357493326112     
   45.8278551124056        46.3156485780297        46.7991324704942     
   47.2783107395285        47.7531885097011        48.2237720466144     
   48.6900687232150        49.1520869862592        49.6098363229712     
   50.0633272279295        50.5125711702146        50.9575805608489     
   51.3983687205586        51.8349498478846        52.2673389876667     
   52.6955519999265        53.1196055291683        53.5395169741191     
   53.9553044579256        54.3669867988244        54.7768719954860     
   55.1967902414147        55.6367399637941        56.0976767296962     
   56.5806016898740        57.0865637532523        57.6166618651490     
   58.1720473941749        58.7539266329968        59.3635634183950     
   60.0022818763057        60.6714692978117        61.3725791523268     
   62.1071342445191        62.8767300218294        63.6830380397702     
   64.5278095925299        65.4128795167687        66.3401701768683     
   67.3116956402917        68.3295660521197        69.3959922182690     
   70.5132904073433        71.6838873815497        72.9103256676052     
   74.1952690790831        75.5415085021941        76.9519679575672     
   78.4297109511976        79.9779471283559        81.6000392449106     
   83.2995104712053        85.0800520443546        86.9455312855803     
   88.9000000000000     
