  -89.0000000000000       -87.0302675004029       -85.1201538800310     
  -83.2678546244333       -81.4716198373008       -79.7297525873115     
  -78.0406073050131       -76.4025882282273       -74.8141478945081     
  -73.2737856792297       -71.7800463779229       -70.3315188315202     
  -68.9268345932120       -67.5646666356527       -66.2437280972976     
  -64.9627710666845       -63.7205854035115       -62.5159975953992     
  -61.3478696492542       -60.2150980161898       -59.1166125489857     
  -58.0513754911027       -57.0183804962984       -56.0166516779155     
  -55.0452426869467       -54.1032358180034       -53.1897411423454     
  -52.3038956671510       -51.4448625202339       -50.6118301594372     
  -49.8040116059566       -49.0206437008690       -48.2609863841642     
  -47.5243219955989       -46.8099545967113       -46.1172093133573     
  -45.4454316981464       -44.7939871121746       -44.1622601254711     
  -43.5496539355922       -42.9555898038123       -42.3795065083804     
  -41.8208598143251       -41.2791219593073       -40.7537811550344     
  -40.2443411037665       -39.7503205294557       -39.2712527230769     
  -38.8066851017206       -38.3561787810309       -37.9193081605843     
  -37.4956605218180       -37.0848356381288       -36.6864453967721     
  -36.3001134322063       -35.9254747705336       -35.5621754847040     
  -35.2098723601547       -34.8682325705696       -34.5369333634534     
  -34.2156617552221       -33.9041142355224       -33.6019964805007     
  -33.3090230747509       -33.0249172416776       -32.7494105820214     
  -32.4822428202973       -32.2231615589088       -31.9719220397038     
  -31.7282869127476       -31.4920260120947       -31.2629161383475     
  -31.0407408477962       -30.8252902479413       -30.6163607992042     
  -30.4137551226410       -30.2172818134748       -30.0267552602729     
  -29.8419954695968       -29.6628278959595       -29.4890832769294     
  -29.3205974732259       -29.1572113136538       -28.9987704447323     
  -28.8437805697899       -28.6896932885770       -28.5353788979027     
  -28.3808381840457       -28.2260719410194       -28.0710809705730     
  -27.9158660821929       -27.7604280931033       -27.6047678282662     
  -27.4488861203809       -27.2927838098829       -27.1364617449426     
  -26.9799207814628       -26.8231617830762       -26.6661856211423     
  -26.5089931747431       -26.3515853306796       -26.1939629834658     
  -26.0361270353241       -25.8780783961787       -25.7198179836492     
  -25.5613467230433       -25.4026655473487       -25.2437753972252     
  -25.0846772209955       -24.9253719746353       -24.7658606217637     
  -24.6061441336319       -24.4462234891122       -24.2860996746857     
  -24.1257736844301       -23.9652465200062       -23.8045191906442     
  -23.6435927131294       -23.4824681117871       -23.3211464184668     
  -23.1596286725263       -22.9979159208146       -22.8360092176543     
  -22.6739096248238       -22.5116182115385       -22.3491360544311     
  -22.1864642375320       -22.0236038522485       -21.8605559973437     
  -21.6973217789143       -21.5339023103685       -21.3702987124027     
  -21.2065121129774       -21.0425436472934       -20.8783944577662     
  -20.7140656940006       -20.5495585127644       -20.3848740779614     
  -20.2200135606034       -20.0549781387829       -19.8897689976432     
  -19.7243873293495       -19.5588343330586       -19.3931112148882     
  -19.2272191878851       -19.0611594719937       -18.8949332940230     
  -18.7285418876129       -18.5619864932011       -18.3952683579877     
  -18.2283887359002       -18.0613488875578       -17.8941500802347     
  -17.7267935878228       -17.5592806907945       -17.3916126761634     
  -17.2237908374463       -17.0558164746226       -16.8876908940945     
  -16.7194154086463       -16.5509913374021       -16.3824200057844     
  -16.2137027454712       -16.0448408943520       -15.8758357964847     
  -15.7066888020504       -15.5374012673082       -15.3679745545498     
  -15.1984100320524       -15.0287090740325       -14.8588730605974     
  -14.6889033776977       -14.5188014170781       -14.3485685762282     
  -14.1782062583321       -14.0077158722185       -13.8370988323089     
  -13.6663565585666       -13.4954904764435       -13.3245020168280     
  -13.1533926159912       -12.9821637155333       -12.8108167623284     
  -12.6393532084701       -12.4677745112155       -12.2960821329291     
  -12.1242775410261       -11.9523622079152       -11.7803376109407     
  -11.6082052323246       -11.4359665591070       -11.2636230830878     
  -11.0911763007659       -10.9186277132795       -10.7459788263451     
  -10.5732311501962       -10.4003861995213       -10.2274454934019     
  -10.0544105552494       -9.88128291274240       -9.70806409776235     
  -9.53475564632991       -9.36135909854011       -9.18787599849737     
  -9.01430789424999       -8.84065633772428       -8.66692288465815     
  -8.49310909453442       -8.31921653051360       -8.14524675936634     
  -7.97120135140544       -7.79708188041747       -7.62288992359405     
  -7.44862706146270       -7.27429487781732       -7.09989495964838     
  -6.92542889707264       -6.75089828326260       -6.57630471437561     
  -6.40164978948259       -6.22693511049649       -6.05216228210038     
  -5.87733291167524       -5.70244860922749       -5.52751098731615     
  -5.35252166097978       -5.17748224766308       -5.00239436714328     
  -4.82725964145624       -4.65207969482226       -4.47685615357168     
  -4.30159064607026       -4.12628480264428       -3.95094025550543     
  -3.77555863867554       -3.60014158791101       -3.42469074062711     
  -3.24920773582208       -3.07369421400104       -2.89815181709972     
  -2.72258218840805       -2.54698697249359       -2.37136781512478     
  -2.19572636319408       -2.02006426464103       -1.84438316837507     
  -1.66868472419838       -1.49297058272851       -1.31724239532099     
  -1.14150181399184      -0.965750491339962      -0.789990080469514     
 -0.614222234912211      -0.438448608549568      -0.262670855535111     
 -8.689063021655684E-002  8.689063021655684E-002  0.262670855535111     
  0.438448608549568       0.614222234912211       0.789990080469514     
  0.965750491339962        1.14150181399184        1.31724239532099     
   1.49297058272851        1.66868472419838        1.84438316837507     
   2.02006426464103        2.19572636319408        2.37136781512478     
   2.54698697249359        2.72258218840805        2.89815181709972     
   3.07369421400104        3.24920773582208        3.42469074062711     
   3.60014158791101        3.77555863867554        3.95094025550543     
   4.12628480264428        4.30159064607026        4.47685615357168     
   4.65207969482226        4.82725964145624        5.00239436714328     
   5.17748224766308        5.35252166097978        5.52751098731615     
   5.70244860922749        5.87733291167524        6.05216228210038     
   6.22693511049649        6.40164978948259        6.57630471437561     
   6.75089828326260        6.92542889707264        7.09989495964838     
   7.27429487781732        7.44862706146270        7.62288992359405     
   7.79708188041747        7.97120135140544        8.14524675936634     
   8.31921653051360        8.49310909453442        8.66692288465815     
   8.84065633772428        9.01430789424999        9.18787599849737     
   9.36135909854011        9.53475564632991        9.70806409776235     
   9.88128291274240        10.0544105552494        10.2274454934019     
   10.4003861995213        10.5732311501962        10.7459788263451     
   10.9186277132795        11.0911763007659        11.2636230830878     
   11.4359665591070        11.6082052323246        11.7803376109407     
   11.9523622079152        12.1242775410261        12.2960821329291     
   12.4677745112155        12.6393532084701        12.8108167623284     
   12.9821637155333        13.1533926159912        13.3245020168280     
   13.4954904764435        13.6663565585666        13.8370988323089     
   14.0077158722185        14.1782062583321        14.3485685762282     
   14.5188014170781        14.6889033776977        14.8588730605974     
   15.0287090740325        15.1984100320524        15.3679745545498     
   15.5374012673082        15.7066888020504        15.8758357964847     
   16.0448408943520        16.2137027454712        16.3824200057844     
   16.5509913374021        16.7194154086463        16.8876908940945     
   17.0558164746226        17.2237908374463        17.3916126761634     
   17.5592806907945        17.7267935878228        17.8941500802347     
   18.0613488875578        18.2283887359002        18.3952683579877     
   18.5619864932011        18.7285418876129        18.8949332940230     
   19.0611594719937        19.2272191878851        19.3931112148882     
   19.5588343330586        19.7243873293495        19.8897689976432     
   20.0549781387829        20.2200135606034        20.3848740779614     
   20.5495585127644        20.7140656940006        20.8783944577662     
   21.0425436472934        21.2065121129774        21.3702987124027     
   21.5339023103685        21.6973217789143        21.8605559973437     
   22.0236038522485        22.1864642375320        22.3491360544311     
   22.5116182115385        22.6739096248238        22.8360092176543     
   22.9979159208146        23.1596286725263        23.3211464184668     
   23.4824681117871        23.6435927131294        23.8045191906442     
   23.9652465200062        24.1257736844301        24.2860996746857     
   24.4462234891122        24.6061441336319        24.7658606217637     
   24.9253719746353        25.0846772209955        25.2437753972252     
   25.4026655473487        25.5613467230433        25.7198179836492     
   25.8780783961787        26.0361270353241        26.1939629834658     
   26.3515853306796        26.5089931747431        26.6661856211423     
   26.8231617830762        26.9799207814628        27.1364617449426     
   27.2927838098829        27.4488861203809        27.6047678282662     
   27.7604280931033        27.9158660821929        28.0710809705730     
   28.2260719410194        28.3808381840457        28.5353788979027     
   28.6896932885770        28.8437805697899        28.9987704447323     
   29.1572113136538        29.3205974732259        29.4890832769294     
   29.6628278959595        29.8419954695968        30.0267552602729     
   30.2172818134748        30.4137551226410        30.6163607992042     
   30.8252902479413        31.0407408477962        31.2629161383475     
   31.4920260120947        31.7282869127476        31.9719220397038     
   32.2231615589088        32.4822428202973        32.7494105820214     
   33.0249172416776        33.3090230747509        33.6019964805007     
   33.9041142355224        34.2156617552221        34.5369333634534     
   34.8682325705696        35.2098723601547        35.5621754847040     
   35.9254747705336        36.3001134322063        36.6864453967721     
   37.0848356381288        37.4956605218180        37.9193081605843     
   38.3561787810309        38.8066851017206        39.2712527230769     
   39.7503205294557        40.2443411037665        40.7537811550344     
   41.2791219593073        41.8208598143251        42.3795065083804     
   42.9555898038123        43.5496539355922        44.1622601254711     
   44.7939871121746        45.4454316981464        46.1172093133573     
   46.8099545967113        47.5243219955989        48.2609863841642     
   49.0206437008690        49.8040116059566        50.6118301594372     
   51.4448625202339        52.3038956671510        53.1897411423454     
   54.1032358180034        55.0452426869467        56.0166516779155     
   57.0183804962984        58.0513754911027        59.1166125489857     
   60.2150980161898        61.3478696492542        62.5159975953992     
   63.7205854035115        64.9627710666845        66.2437280972976     
   67.5646666356527        68.9268345932120        70.3315188315202     
   71.7800463779229        73.2737856792297        74.8141478945081     
   76.4025882282273        78.0406073050131        79.7297525873115     
   81.4716198373008        83.2678546244333        85.1201538800310     
   87.0302675004029        89.0000000000000     
