  -88.9000015258789                1   213.837906523107     
  -86.9754603671709                2   197.701945872562     
  -85.1961428543179                3   182.783586115840     
  -83.5510905792753                4   168.990948500335     
  -82.0301720427723                5   156.239087337658     
  -80.6240202567334                6   144.449466842635     
  -79.3239750551497                7   133.549477449438     
  -78.1220297581047                8   123.471988625950     
  -77.0107818604712                9   114.154935432211     
  -75.9833874415813               10   105.540936276730     
  -75.0335190150907               11   97.5769395164134     
  -74.1553265594430               12   90.2138967236823     
  -73.3434014889299               13   83.4064606084723     
  -72.5927433434536               14   77.1127057346901     
  -71.8987289918414               15   71.2938703110571     
  -71.2570841590419               16   65.9141174661594     
  -70.6638571018464               17   60.9403145373777     
  -70.1153942710100               18   56.3418290144126     
  -69.6083178098803               19   52.0903398807143     
  -69.1395047509539               20   48.1596631908051     
  -68.7060677822367               21   44.5255908094156     
  -68.3053374649519               22   41.1657413190925     
  -67.9348457930801               23   38.0594221782265     
  -67.5923109934760               24   35.1875022804128     
  -67.2756234729523               25   32.5322941303720     
  -66.9828328257790               26   30.0774449107229     
  -66.7121358215825               27   27.8078357687358     
  -66.4618652996639               28   25.7094887027875     
  -66.2304799013388               29   23.7694804750659     
  -66.0165545770632               30   21.9758630203033     
  -65.8187718098804               31   20.3175898603989     
  -65.6359135011369               32   18.7844480716864     
  -65.4668534684917               33   17.3669953858848     
  -65.3105505100187               34   16.0565020373440     
  -65.1660419916826               35   14.8448969984022     
  -65.0324379186970               36   13.7247182718028     
  -64.9089154542508               37   12.6890669339540     
  -64.7947138518452               38   11.7315646460428     
  -64.6891297700308               39   10.8463143713083     
  -64.5915129406890               40   10.0278640565597     
  -64.5012621641800               41   9.27117305421790     
  -64.4178216066920               42   8.57158107812792     
  -64.3406773769889               43   7.92477950193100     
  -64.2693543614715               44   7.32678482322216     
  -64.2034132980625               45   6.77391413006647     
  -64.1424480708919               46   6.28904758037960     
  -64.0858466426685               47   6.07573750665185     
  -64.0311650051086               48   6.08766605388509     
  -63.9763760106237               49   6.09961244294905     
  -63.9214794986371               50   6.11157666503301     
  -63.8664753086518               51   6.12355871105624     
  -63.8113632802523               52   6.13555857166009     
  -63.7561432531074               53   6.14757623721276     
  -63.7008150669725               54   6.15961169780772     
  -63.6453785616922               55   6.17166494325892     
  -63.5898335772029               56   6.18373596309930     
  -63.5341799535350               57   6.19582474658466     
  -63.4784175308157               58   6.20793128268105     
  -63.4225461492716               59   6.22005556007505     
  -63.3665656492309               60   6.23219756716430     
  -63.3104758711264               61   6.24435729205746     
  -63.2542766554979               62   6.25653472257663     
  -63.1979678429947               63   6.26872984624782     
  -63.1415492743785               64   6.28094265030812     
  -63.0850207905257               65   6.29317312169301     
  -63.0283822324305               66   6.30542124704982     
  -62.9716334412070               67   6.31768701271874     
  -62.9147742580925               68   6.32997040474632     
  -62.8578045244498               69   6.34227140887194     
  -62.8007240817700               70   6.35459001053581     
  -62.7435327716752               71   6.36692619486704     
  -62.6862304359214               72   6.37927994669320     
  -62.6288169164011               73   6.39165125052759     
  -62.5712920551464               74   6.40404009057723     
  -62.5136556943312               75   6.41644645073174     
  -62.4559076762746               76   6.42887031457286     
  -62.3980478434434               77   6.44131166535702     
  -62.3400760384552               78   6.45377048603122     
  -62.2819921040809               79   6.46624675921872     
  -62.2237958832480               80   6.47874046722229     
  -62.1654872190430               81   6.49125159201781     
  -62.1070659547148               82   6.50378011526145     
  -62.0485319336775               83   6.51632601828014     
  -61.9898849995129               84   6.52888928207002     
  -61.9311249959743               85   6.54146988729959     
  -61.8722517669886               86   6.55406781430183     
  -61.8132651566599               87   6.56668304307967     
  -61.7541650092722               88   6.57931555329662     
  -61.6949511692925               89   6.59196532427744     
  -61.6356234813740               90   6.60463233501297     
  -61.5761817903589               91   6.61731656414430     
  -61.5166259412816               92   6.63001798997540     
  -61.4569557793718               93   6.64273659046207     
  -61.3971711500577               94   6.65547234321353     
  -61.3372718989687               95   6.66822522548848     
  -61.2772578719393               96   6.68099521419979     
  -61.2171289150115               97   6.69378228590192     
  -61.1568848744384               98   6.70658641679643     
  -61.0965255966873               99   6.71940758273119     
  -61.0360509284427              100   6.73224575919088     
  -60.9754607166100              101   6.74510092130415     
  -60.9147548083182              102   6.75797304383726     
  -60.8539330509237              103   6.77086210118697     
  -60.7929952920130              104   6.78376806739323     
  -60.7319413794065              105   6.79669091612014     
  -60.6707711611614              106   6.80963062066711     
  -60.6094844855754              107   6.82258715395850     
  -60.5480812011898              108   6.83556048854841     
  -60.4865611567928              109   6.84855059661358     
  -60.4249242014233              110   6.86155744995492     
  -60.3631701843737              111   6.87458101999204     
  -60.3012989551938              112   6.88762127776480     
  -60.2393103636939              113   6.90067819393095     
  -60.1772042599485              114   6.91375173876136     
  -60.1149804942997              115   6.92684188214009     
  -60.0526389173604              116   6.93994859356590     
  -59.9901793800183              117   6.95307184214124     
  -59.9276017334390              118   6.96621159658011     
  -59.8649058290698              119   6.97936782520180     
  -59.8020915186430              120   6.99254049592686     
  -59.7391586541797              121   7.00572957627878     
  -59.6761070879931              122   7.01893503337914     
  -59.6129366726927              123   7.03215683395086     
  -59.5496472611872              124   7.04539494430871     
  -59.4862387066884              125   7.05864933036319     
  -59.4227108627151              126   7.07191995761589     
  -59.3590635830966              127   7.08520679115783     
  -59.2952967219762              128   7.09850979567032     
  -59.2314101338151              129   7.11182893541857     
  -59.1674036733964              130   7.12516417425175     
  -59.1032771958281              131   7.13851547560217     
  -59.0390305565477              132   7.15188280248056     
  -58.9746636113254              133   7.16526611747841     
  -58.9101762162680              134   7.17866538276171     
  -58.8455682278232              135   7.19208056007009     
  -58.7808395027826              136   7.20551161071686     
  -58.7159898982861              137   7.21895849558507     
  -58.6510192718258              138   7.23242117512749     
  -58.5859274812497              139   7.24589960935794     
  -58.5207143847655              140   7.25939375786311     
  -58.4553798409447              141   7.27290357978521     
  -58.3899237087266              142   7.28642903382908     
  -58.3243458474222              143   7.29997007825981     
  -58.2586461167178              144   7.31352667089722     
  -58.1928243766798              145   7.32709876911347     
  -58.1268804877577              146   7.34068632983941     
  -58.0608143107892              147   7.35428930955114     
  -57.9946257070032              148   7.36790766427554     
  -57.9283145380248              149   7.38154134958475     
  -57.8618806658785              150   7.39519032059851     
  -57.7953239529931              151   7.40885453197630     
  -57.7286442622053              152   7.42253393792127     
  -57.6618414567640              153   7.43622849217079     
  -57.5949154003345              154   7.44993814800428     
  -57.5278659570024              155   7.46366285823462     
  -57.4606929912783              156   7.47740257520333     
  -57.3933963681015              157   7.49115725078850     
  -57.3259759528444              158   7.50492683639534     
  -57.2584316113169              159   7.51871128295376     
  -57.1907632097703              160   7.53251054092156     
  -57.1229706149020              161   7.54632456028048     
  -57.0550536938594              162   7.56015329052831     
  -56.9870123142447              163   7.57399668068754     
  -56.9188463441185              164   7.58785467929436     
  -56.8505556520049              165   7.60172723440336     
  -56.7821401068952              166   7.61561429357806     
  -56.7135995782530              167   7.62951580389565     
  -56.6449339360180              168   7.64343171194702     
  -56.5761430506104              169   7.65736196382013     
  -56.5072267929361              170   7.67130650511897     
  -56.4381850343900              171   7.68526528094703     
  -56.3690176468615              172   7.69923823590564     
  -56.2997245027383              173   7.71322531410116     
  -56.2303054749114              174   7.72722645913780     
  -56.1607604367792              175   7.74124161410978     
  -56.0910892622522              176   7.75527072161155     
  -56.0212918257577              177   7.76931372372600     
  -55.9513680022441              178   7.78337056202834     
  -55.8813176671859              179   7.79744117757907     
  -55.8111406965877              180   7.81152551092627     
  -55.7408369669893              181   7.82562350210330     
  -55.6704063554704              182   7.83973509062403     
  -55.5998487396548              183   7.85386021548678     
  -55.5291639977154              184   7.86799881516171     
  -55.4583520083790              185   7.88215082760107     
  -55.3874126509305              186   7.89631619022973     
  -55.3163458052185              187   7.91049483994597     
  -55.2451513516590              188   7.92468671312068     
  -55.1738291712409              189   7.93889174558949     
  -55.1023791455306              190   7.95310987265986     
  -55.0308011566766              191   7.96734102910237     
  -54.9590950874147              192   7.98158514915157     
  -54.8872608210723              193   7.99584216650512     
  -54.8152982415738              194   8.01011201431518     
  -54.7432072334450              195   8.02439462520176     
  -54.6709876818181              196   8.03868993122908     
  -54.5986394724371              197   8.05299786392450     
  -54.5261624916618              198   8.06731835426591     
  -54.4535566264734              199   8.08165133267854     
  -54.3808217644793              200   8.09599672904129     
  -54.3079577939179              201   8.11035447267569     
  -54.2349646036638              202   8.12472449235063     
  -54.1618420832327              203   8.13910671628074     
  -54.0885901227861              204   8.15350107211543     
  -54.0152086131371              205   8.16790748695300     
  -53.9416974457545              206   8.18232588732176     
  -53.8680565127686              207   8.19675619919104     
  -53.7942857069759              208   8.21119834796412     
  -53.7203849218442              209   8.22565225847506     
  -53.6463540515179              210   8.24011785499105     
  -53.5721929908230              211   8.25459506120928     
  -53.4979016352721              212   8.26908380024902     
  -53.4234798810699              213   8.28358399466427     
  -53.3489276251179              214   8.29809556642639     
  -53.2742447650201              215   8.31261843693120     
  -53.1994311990877              216   8.32715252699659     
  -53.1244868263447              217   8.34169775685704     
  -53.0494115465330              218   8.35625404616754     
  -52.9742052601175              219   8.37082131399648     
  -52.8988678682915              220   8.38539947882566     
  -52.8233992729821              221   8.39998845855424     
  -52.7477993768551              222   8.41458817048451     
  -52.6720680833208              223   8.42919853133613     
  -52.5962052965387              224   8.44381945723032     
  -52.5202109214237              225   8.45845086369618     
  -52.4440848636504              226   8.47309266566912     
  -52.3678270296594              227   8.48774477748609     
  -52.2914373266620              228   8.50240711288327     
  -52.2149156626461              229   8.51707958499917     
  -52.1382619463811              230   8.53176210637072     
  -52.0614760874237              231   8.54645458892852     
  -51.9845579961234              232   8.56115694400077     
  -51.9075075836274              233   8.57586908230938     
  -51.8303247618866              234   8.59059091396830     
  -51.7530094436609              235   8.60532234847966     
  -51.6755615425245              236   8.62006329473925     
  -51.5979809728719              237   8.63481366102390     
  -51.5202676499227              238   8.64957335500489     
  -51.4424214897276              239   8.66434228373060     
  -51.3644424091741              240   8.67912035363992     
  -51.2863303259913              241   8.69390747054805     
  -51.2080851587564              242   8.70870353965280     
  -51.1297068268995              243   8.72350846553142     
  -51.0511952507097              244   8.73832215213907     
  -50.9725503513405              245   8.75314450280958     
  -50.8937720508152              246   8.76797542024516     
  -50.8148602720330              247   8.78281480653066     
  -50.7358149387742              248   8.79766256311696     
  -50.6566359757061              249   8.81251859083044     
  -50.5773233083887              250   8.82738278986276     
  -50.4978768632799              251   8.84225505977949     
  -50.4182965677419              252   8.85713529951144     
  -50.3385823500463              253   8.87202340735390     
  -50.2587341393801              254   8.88691928096977     
  -50.1787518658514              255   8.90182281738798     
  -50.0986354604949              256   8.91673391299245     
  -50.0183848552779              257   8.93165246353710     
  -49.9379999831061              258   8.94657836413160     
  -49.8574807778289              259   8.96151150924535     
  -49.7768271742457              260   8.97645179270749     
  -49.6960391081113              261   8.99139910770449     
  -49.6151165161420              262   9.00635334677465     
  -49.5340593360210              263   9.02131440181838     
  -49.4528675064047              264   9.03628216408315     
  -49.3715409669279              265   9.05125652417382     
  -49.2900796582104              266   9.06623737204547     
  -49.2084835218620              267   9.08122459700422     
  -49.1267525004889              268   9.09621808770803     
  -49.0448865376995              269   9.11121773215958     
  -48.9628855781101              270   9.12622341771652     
  -48.8807495673507              271   9.14123503107649     
  -48.7984784520710              272   9.15625245828740     
  -48.7160721799464              273   9.17127558474501     
  -48.6335306996837              274   9.18630429518430     
  -48.5508539610270              275   9.20133847368810     
  -48.4680419147638              276   9.21637800368242     
  -48.3850945127307              277   9.23142276793322     
  -48.3020117078193              278   9.24647264855041     
  -48.2187934539823              279   9.26152752698231     
  -48.1354397062395              280   9.27658728402115     
  -48.0519504206833              281   9.29165179979602     
  -47.9683255544851              282   9.30672095377519     
  -47.8845650659012              283   9.32179462476452     
  -47.8006689142783              284   9.33687269091068     
  -47.7166370600601              285   9.35195502969400     
  -47.6324694647928              286   9.36704151793164     
  -47.5481660911314              287   9.38213203178072     
  -47.4637269028454              288   9.39722644672574     
  -47.3791518648249              289   9.41232463759671     
  -47.2944409430865              290   9.42742647854860     
  -47.2095941047796              291   9.44253184307639     
  -47.1246113181919              292   9.45764060400636     
  -47.0394925527558              293   9.47275263349844     
  -46.9542377790544              294   9.48786780304545     
  -46.8688469688269              295   9.50298598347230     
  -46.7833200949757              296   9.51810704493678     
  -46.6976571315713              297   9.53323085693114     
  -46.6118580538589              298   9.54835728827182     
  -46.5259228382644              299   9.56348620711683     
  -46.4398514624004              300   9.57861748094757     
  -46.3536439050719              301   9.59375097657913     
  -46.2673001462826              302   9.60888656015868     
  -46.1808201672412              303   9.62402409716311     
  -46.0942039503667              304   9.63916345239902     
  -46.0074514792952              305   9.65430449000751     
  -45.9205627388851              306   9.66944707345618     
  -45.8335377152240              307   9.68459106554399     
  -45.7463763956341              308   9.69973632840196     
  -45.6590787686785              309   9.71488272349319     
  -45.5716448241670              310   9.73003011160658     
  -45.4840745531626              311   9.74517835286785     
  -45.3963679479868              312   9.76032730672848     
  -45.3085250022262              313   9.77547683197599     
  -45.2205457107384              314   9.79062678672528     
  -45.1324300696579              315   9.80577702842567     
  -45.0441780764021              316   9.82092741385543     
  -44.9557897296774              317   9.83607779913124     
  -44.8672650294852              318   9.85122803969318     
  -44.7786039771279              319   9.86637799032290     
  -44.6898065752150              320   9.88152750512938     
  -44.6008728276689              321   9.89667643755846     
  -44.5118027397308              322   9.91182464038884     
  -44.4225963179673              323   9.92697196573605     
  -44.3332535702757              324   9.94211826504612     
  -44.2437745058903              325   9.95726338910588     
  -44.1541591353884              326   9.97240718803659     
  -44.0644074706960              327   9.98754951129399     
  -43.9745195250944              328   10.0026902076770     
  -43.8844953132253              329   10.0178291253164     
  -43.7943348510974              330   10.0329661116874     
  -43.7040381560923              331   10.0481010136030     
  -43.6136052469698              332   10.0632336772135     
  -43.5230361438749              333   10.0783639480184     
  -43.4323308683427              334   10.0934916708511     
  -43.3414894433051              335   10.1086166898925     
  -43.2505118930960              336   10.1237388486671     
  -43.1593982434580              337   10.1388579900454     
  -43.0681485215476              338   10.1539739562418     
  -42.9767627559415              339   10.1690865888197     
  -42.8852409766421              340   10.1841957286892     
  -42.7935832150839              341   10.1993012161109     
  -42.7017895041389              342   10.2144028906955     
  -42.6098598781226              343   10.2295005914057     
  -42.5177943728000              344   10.2445941565558     
  -42.4255930253910              345   10.2596834238161     
  -42.3332558745766              346   10.2747682302117     
  -42.2407829605047              347   10.2898484121252     
  -42.1481743247956              348   10.3049238052932     
  -42.0554300105480              349   10.3199942448195     
  -41.9625500623446              350   10.3350595651640     
  -41.8695345262581              351   10.3501196001482     
  -41.7763834498568              352   10.3651741829604     
  -41.6830968822101              353   10.3802231461540     
  -41.5896748738947              354   10.3952663216502     
  -41.4961174769999              355   10.4103035407393     
  -41.4024247451332              356   10.4253346340791     
  -41.3085967334265              357   10.4403594317041     
  -41.2146334985412              358   10.4553777630206     
  -41.1205350986740              359   10.4703894568132     
  -41.0263015935627              360   10.4853943412388     
  -40.9319330444915              361   10.5003922438437     
  -40.8374295142969              362   10.5153829915455     
  -40.7427910673730              363   10.5303664106526     
  -40.6480177696772              364   10.5453423268563     
  -40.5531096887354              365   10.5603105652376     
  -40.4580668936483              366   10.5752709502656     
  -40.3628894550959              367   10.5902233058007     
  -40.2675774453437              368   10.6051674551008     
  -40.1721309382478              369   10.6201032208178     
  -40.0765500092604              370   10.6350304250040     
  -39.9808347354354              371   10.6499488891119     
  -39.8849851954334              372   10.6648584339955     
  -39.7890014695274              373   10.6797588799207     
  -39.6928836396082              374   10.6946500465549     
  -39.5966317891892              375   10.7095317529813     
  -39.5002460034123              376   10.7244038176933     
  -39.4037263690531              377   10.7392660586033     
  -39.3070729745257              378   10.7541182930401     
  -39.2102859098883              379   10.7689603377534     
  -39.1133652668485              380   10.7837920089216     
  -39.0163111387682              381   10.7986131221425     
  -38.9191236206689              382   10.8134234924498     
  -38.8218028092369              383   10.8282229343067     
  -38.7243488028281              384   10.8430112616126     
  -38.6267617014736              385   10.8577882877054     
  -38.5290416068843              386   10.8725538253635     
  -38.4311886224560              387   10.8873076868111     
  -38.3332028532747              388   10.9020496837186     
  -38.2350844061212              389   10.9167796272074     
  -38.1368333894764              390   10.9314973278521     
  -38.0384499135257              391   10.9462025956862     
  -37.9399340901645              392   10.9608952402019     
  -37.8412860330027              393   10.9755750703550     
  -37.7425058573695              394   10.9902418945680     
  -37.6435936803184              395   11.0048955207363     
  -37.5445496206318              396   11.0195357562238     
  -37.4453737988258              397   11.0341624078782     
  -37.3460663371549              398   11.0487752820245     
  -37.2466273596166              399   11.0633741844697     
  -37.1470569919564              400   11.0779589205158     
  -37.0473553616718              401   11.0925292949496     
  -36.9475225980172              402   11.1070851120579     
  -36.8475588320087              403   11.1216261756250     
  -36.7474641964281              404   11.1361522889387     
  -36.6472388258276              405   11.1506632547942     
  -36.5468828565345              406   11.1651588754971     
  -36.4463964266550              407   11.1796389528694     
  -36.3457796760792              408   11.1941032882502     
  -36.2450327464849              409   11.2085516825005     
  -36.1441557813424              410   11.2229839360130     
  -36.0431489259183              411   11.2373998487085     
  -35.9420123272799              412   11.2517992200433     
  -35.8407461342995              413   11.2661818490159     
  -35.7393504976584              414   11.2805475341654     
  -35.6378255698509              415   11.2948960735832     
  -35.5361715051887              416   11.3092272649098     
  -35.4343884598045              417   11.3235409053476     
  -35.3324765916563              418   11.3378367916563     
  -35.2304360605314              419   11.3521147201641     
  -35.1282670280500              420   11.3663744867717     
  -35.0259696576690              421   11.3806158869541     
  -34.9235441146864              422   11.3948387157663     
  -34.8209905662445              423   11.4090427678480     
  -34.7183091813339              424   11.4232278374307     
  -34.6155001307970              425   11.4373937183411     
  -34.5125635873319              426   11.4515402040014     
  -34.4094997254959              427   11.4656670874448     
  -34.3063087217089              428   11.4797741613089     
  -34.2029907542572              429   11.4938612178474     
  -34.0995460032965              430   11.5079280489362     
  -33.9959746508561              431   11.5219744460720     
  -33.8922768808415              432   11.5360002003844     
  -33.7884528790380              433   11.5500051026408     
  -33.6845028331142              434   11.5639889432412     
  -33.5804269326251              435   11.5779515122409     
  -33.4762253690149              436   11.5918925993397     
  -33.3718983356208              437   11.6058119938987     
  -33.2674460276757              438   11.6197094849374     
  -33.1628686423113              439   11.6335848611466     
  -33.0581663785610              440   11.6474379108864     
  -32.9533394373630              441   11.6612684222012     
  -32.8483880215632              442   11.6750761828170     
  -32.7433123359178              443   11.6888609801483     
  -32.6381125870965              444   11.7026226013092     
  -32.5327889836847              445   11.7163608331133     
  -32.4273417361867              446   11.7300754620852     
  -32.3217710570279              447   11.7437662744588     
  -32.2160771605578              448   11.7574330561909     
  -32.1102602630521              449   11.7710755929631     
  -32.0043205827154              450   11.7846936701878     
  -31.8982583396837              451   11.7982870730171     
  -31.7920737560266              452   11.8118555863451     
  -31.6857670557495              453   11.8253989948174     
  -31.5793384647961              454   11.8389170828345     
  -31.4727882110506              455   11.8524096345622     
  -31.3661165243395              456   11.8658764339325     
  -31.2593236364342              457   11.8793172646537     
  -31.1524097810523              458   11.8927319102163     
  -31.0453751938603              459   11.9061201538994     
  -30.9382201124752              460   11.9194817787754     
  -30.8309447764663              461   11.9328165677190     
  -30.7235494273568              462   11.9461243034130     
  -30.6160343086261              463   11.9594047683541     
  -30.5083996657109              464   11.9726577448607     
  -30.4006457460071              465   11.9858830150786     
  -30.2927727988714              466   11.9990803609894     
  -30.1847810756225              467   12.0122495644147     
  -30.0766708295428              468   12.0253904070277     
  -29.9684423158795              469   12.0385026703518     
  -29.8600957918464              470   12.0515861357779     
  -29.7516315166244              471   12.0646405845631     
  -29.6430497513633              472   12.0776657978420     
  -29.5343507591827              473   12.0906615566317     
  -29.4255348051730              474   12.1036276418419     
  -29.3166021563965              475   12.1165638342775     
  -29.2075530818880              476   12.1294699146502     
  -29.0983878526561              477   12.1423456635823     
  -28.9891067416839              478   12.1551908616182     
  -28.8797100239293              479   12.1680052892259     
  -28.7701979763263              480   12.1807887268098     
  -28.6605708777850              481   12.1935409547144     
  -28.5508290091926              482   12.2062617532350     
  -28.4409726534134              483   12.2189509026222     
  -28.3310020952898              484   12.2316081830907     
  -28.2209176216420              485   12.2442333748272     
  -28.1107195212686              486   12.2568262579992     
  -28.0004080849466              487   12.2693866127569     
  -27.8899836054318              488   12.2819142192496     
  -27.7794463774585              489   12.2944088576272     
  -27.6687966977399              490   12.3068703080484     
  -27.5580348649674              491   12.3192983506928     
  -27.4471611798112              492   12.3316927657618     
  -27.3361759449194              493   12.3440533334944     
  -27.2250794649179              494   12.3563798341695     
  -27.1138720464104              495   12.3686720481133     
  -27.0025539979774              496   12.3809297557141     
  -26.8911256301759              497   12.3931527374212     
  -26.7795872555391              498   12.4053407737594     
  -26.6679391885753              499   12.4174936453360     
  -26.5561817457673              500   12.4296111328472     
  -26.4443152455717              501   12.4416930170849     
  -26.3323400084179              502   12.4537390789514     
  -26.2202563567073              503   12.4657490994606     
  -26.1080646148122              504   12.4777228597479     
  -25.9957651090745              505   12.4896601410822     
  -25.8833581678047              506   12.5015607248701     
  -25.7708441212809              507   12.5134243926656     
  -25.6582233017469              508   12.5252509261781     
  -25.5454960434113              509   12.5370401072840     
  -25.4326626824457              510   12.5487917180283     
  -25.3197235569835              511   12.5605055406398     
  -25.2066790071177              512   12.5721813575371     
  -25.0935293748999              513   12.5838189513345     
  -24.9802750043379              514   12.5954181048557     
  -24.8669162413942              515   12.6069786011386     
  -24.7534534339839              516   12.6185002234441     
  -24.6398869319729              517   12.6299827552666     
  -24.5262170871755              518   12.6414259803423     
  -24.4124442533525              519   12.6528296826554     
  -24.2985687862086              520   12.6641936464497     
  -24.1845910433905              521   12.6755176562361     
  -24.0705113844844              522   12.6868014968010     
  -23.9563301710132              523   12.6980449532160     
  -23.8420477664342              524   12.7092478108466     
  -23.7276645361366              525   12.7204098553596     
  -23.6131808474384              526   12.7315308727323     
  -23.4985970695838              527   12.7426106492652     
  -23.3839135737404              528   12.7536489715846     
  -23.2691307329961              529   12.7646456266548     
  -23.1542489223562              530   12.7756004017895     
  -23.0392685187401              531   12.7865130846539     
  -22.9241899009782              532   12.7973834632801     
  -22.8090134498087              533   12.8082113260746     
  -22.6937395478741              534   12.8189964618240     
  -22.5783685797176              535   12.8297386597088     
  -22.4629009317803              536   12.8404377093069     
  -22.3473369923965              537   12.8510934006086     
  -22.2316771517910              538   12.8617055240221     
  -22.1159218020748              539   12.8722738703818     
  -22.0000713372414              540   12.8827982309600     
  -21.8841261531627              541   12.8932783974744     
  -21.7680866475855              542   12.9037141620966     
  -21.6519532201266              543   12.9141053174643     
  -21.5357262722694              544   12.9244516566855     
  -21.4194062073593              545   12.9347529733524     
  -21.3029934305991              546   12.9450090615480     
  -21.1864883490452              547   12.9552197158540     
  -21.0698913716025              548   12.9653847313642     
  -20.9532029090202              549   12.9755039036886     
  -20.8364233738870              550   12.9855770289677     
  -20.7195531806263              551   12.9956039038761     
  -20.6025927454914              552   13.0055843256361     
  -20.4855424865607              553   13.0155180920247     
  -20.3684028237325              554   13.0254050013853     
  -20.2511741787200              555   13.0352448526310     
  -20.1338569750463              556   13.0450374452613     
  -20.0164516380390              557   13.0547825793662     
  -19.8989585948247              558   13.0644800556369     
  -19.7813782743239              559   13.0741296753740     
  -19.6637111072456              560   13.0837312405008     
  -19.5459575260811              561   13.0932845535649     
  -19.4281179650990              562   13.1027894177554     
  -19.3101928603392              563   13.1122456369057     
  -19.1921826496070              564   13.1216530155069     
  -19.0740877724675              565   13.1310113587150     
  -18.9559086702390              566   13.1403204723613     
  -18.8376457859878              567   13.1495801629594     
  -18.7192995645211              568   13.1587902377153     
  -18.6008704523817              569   13.1679505045391     
  -18.4823588978408              570   13.1770607720500     
  -18.3637653508924              571   13.1861208495880     
  -18.2450902632461              572   13.1951305472226     
  -18.1263340883211              573   13.2040896757609     
  -18.0074972812393              574   13.2129980467583     
  -17.8885802988184              575   13.2218554725255     
  -17.7695835995657              576   13.2306617661394     
  -17.6505076436704              577   13.2394167414529     
  -17.5313528929974              578   13.2481202130994     
  -17.4121198110795              579   13.2567719965084     
  -17.2928088631109              580   13.2653719079079     
  -17.1734205159397              581   13.2739197643394     
  -17.0539552380607              582   13.2824153836617     
  -16.9344134996077              583   13.2908585845632     
  -16.8147957723466              584   13.2992491865704     
  -16.6951025296675              585   13.3075870100541     
  -16.5753342465770              586   13.3158718762429     
  -16.4554913996908              587   13.3241036072273     
  -16.3355744672258              588   13.3322820259739     
  -16.2155839289920              589   13.3404069563265     
  -16.0955202663851              590   13.3484782230236     
  -15.9753839623779              591   13.3564956517021     
  -15.8551755015126              592   13.3644590689054     
  -15.7348953698924              593   13.3723683020960     
  -15.6145440551735              594   13.3802231796606     
  -15.4941220465566              595   13.3880235309201     
  -15.3736298347783              596   13.3957691861397     
  -15.2530679121031              597   13.4034599765348     
  -15.1324367723143              598   13.4110957342814     
  -15.0117369107057              599   13.4186762925237     
  -14.8909688240730              600   13.4262014853841     
  -14.7701330107046              601   13.4336711479699     
  -14.6492299703728              602   13.4410851163825     
  -14.5282602043254              603   13.4484432277267     
  -14.4072242152758              604   13.4557453201170     
  -14.2861225073948              605   13.4629912326886     
  -14.1649555863006              606   13.4701808056034     
  -14.0437239590502              607   13.4773138800597     
  -13.9224281341296              608   13.4843902982996     
  -13.8010686214449              609   13.4914099036182     
  -13.6796459323124              610   13.4983725403709     
  -13.5581605794490              611   13.5052780539813     
  -13.4366130769632              612   13.5121262909510     
  -13.3150039403446              613   13.5189170988647     
  -13.1933336864548              614   13.5256503264023     
  -13.0716028335172              615   13.5323258233421     
  -12.9498119011072              616   13.5389434405728     
  -12.8279614101420              617   13.5455030300995     
  -12.7060518828711              618   13.5520044450510     
  -12.5840838428656              619   13.5584475396892     
  -12.4620578150084              620   13.5648321694154     
  -12.3399743254837              621   13.5711581907793     
  -12.2178339017667              622   13.5774254614850     
  -12.0956370726133              623   13.5836338404008     
  -11.9733843680497              624   13.5897831875642     
  -11.8510763193616              625   13.5958733641913     
  -11.7287134590839              626   13.6019042326837     
  -11.6062963209898              627   13.6078756566364     
  -11.4838254400800              628   13.6137875008430     
  -11.3613013525724              629   13.6196396313062     
  -11.2387245958907              630   13.6254319152425     
  -11.1160957086535              631   13.6311642210908     
  -10.9934152306637              632   13.6368364185188     
  -10.8706837028970              633   13.6424483784301     
  -10.7479016674911              634   13.6479999729716     
  -10.6250696677344              635   13.6534910755410     
  -10.5021882480545              636   13.6589215607918     
  -10.3792579540074              637   13.6642913046420     
  -10.2562793322656              638   13.6696001842805     
  -10.1332529306071              639   13.6748480781724     
  -10.0101792979036              640   13.6800348660684     
  -9.88705898410894              641   13.6851604290086     
  -9.76389254024786              642   13.6902246493303     
  -9.64068051840389              643   13.6952274106754     
  -9.51742347170781              644   13.7001685979951     
  -9.39412195432586              645   13.7050480975566     
  -9.27077652144785              646   13.7098657969510     
  -9.14738772927529              647   13.7146215850975     
  -9.02395613500941              648   13.7193153522498     
  -8.90048229683916              649   13.7239469900048     
  -8.77696677392912              650   13.7285163913039     
  -8.65341012640738              651   13.7330234504436     
  -8.52981291535339              652   13.7374680630789     
  -8.40617570278568              653   13.7418501262295     
  -8.28249905164962              654   13.7461695382852     
  -8.15878352580505              655   13.7504261990130     
  -8.03502969001393              656   13.7546200095617     
  -7.91123810992788              657   13.7587508724666     
  -7.78740935207568              658   13.7628186916569     
  -7.66354398385077              659   13.7668233724592     
  -7.53964257349863              660   13.7707648216045     
  -7.41570569010419              661   13.7746429472324     
  -7.29173390357910              662   13.7784576588960     
  -7.16772778464904              663   13.7822088675679     
  -7.04368790484093              664   13.7858964856453     
  -6.91961483647012              665   13.7895204269535     
  -6.79550915262754              666   13.7930806067527     
  -6.67137142716676              667   13.7965769417412     
  -6.54720223469109              668   13.8000093500611     
  -6.42300215054054              669   13.8033777513024     
  -6.29877175077882              670   13.8066820665078     
  -6.17451161218025              671   13.8099222181776     
  -6.05022231221665              672   13.8130981302729     
  -5.92590442904419              673   13.8162097282213     
  -5.80155854149020              674   13.8192569389205     
  -5.67718522903992              675   13.8222396907418     
  -5.55278507182324              676   13.8251579135359     
  -5.42835865060142              677   13.8280115386352     
  -5.30390654675370              678   13.8308004988587     
  -5.17942934226397              679   13.8335247285154     
  -5.05492761970733              680   13.8361841634080     
  -4.93040196223666              681   13.8387787408375     
  -4.80585295356912              682   13.8413083996053     
  -4.68128117797268              683   13.8437730800180     
  -4.55668722025251              684   13.8461727238898     
  -4.43207166573751              685   13.8485072745469     
  -4.30743510026658              686   13.8507766768299     
  -4.18277811017511              687   13.8529808770973     
  -4.05810128228124              688   13.8551198232285     
  -3.93340520387218              689   13.8571934646269     
  -3.80869046269054              690   13.8592017522227     
  -3.68395764692054              691   13.8611446384761     
  -3.55920734517425              692   13.8630220773792     
  -3.43444014647784              693   13.8648340244596     
  -3.30965664025770              694   13.8665804367823     
  -3.18485741632666              695   13.8682612729527     
  -3.06004306487009              696   13.8698764931184     
  -2.93521417643202              697   13.8714260589718     
  -2.81037134190127              698   13.8729099337527     
  -2.68551515249750              699   13.8743280822498     
  -2.56064619975725              700   13.8756804708028     
  -2.43576507552003              701   13.8769670673049     
  -2.31087237191428              702   13.8781878412040     
  -2.18596868134345              703   13.8793427635050     
  -2.06105459647190              704   13.8804318067711     
  -1.93613071021096              705   13.8814549451255     
  -1.81119761570483              706   13.8824121542530     
  -1.68625590631655              707   13.8833034114013     
  -1.56130617561394              708   13.8841286953823     
  -1.43634901735550              709   13.8848879865735     
  -1.31138502547634              710   13.8855812669190     
  -1.18641479407407              711   13.8862085199305     
  -1.06143891739469              712   13.8867697306882     
 -0.936457989818501              713   13.8872648858422     
 -0.811472605845921              714   13.8876939736124     
 -0.686483360083409              715   13.8880569837900     
 -0.561490847229299              716   13.8883539077375     
 -0.436495662059662              717   13.8885847383896     
 -0.311498399414156              718   13.8887494702533     
 -0.186499654181877              719   13.8888480994085     
 -6.150002128719984E-002         720   13.6666713971555     
  6.150002128719984E-002         721   13.8888480994085     
  0.186499654181877              722   13.8887494702533     
  0.311498399414156              723   13.8885847383896     
  0.436495662059662              724   13.8883539077375     
  0.561490847229299              725   13.8880569837900     
  0.686483360083409              726   13.8876939736124     
  0.811472605845921              727   13.8872648858422     
  0.936457989818501              728   13.8867697306882     
   1.06143891739469              729   13.8862085199305     
   1.18641479407407              730   13.8855812669190     
   1.31138502547634              731   13.8848879865735     
   1.43634901735550              732   13.8841286953823     
   1.56130617561394              733   13.8833034114013     
   1.68625590631655              734   13.8824121542530     
   1.81119761570483              735   13.8814549451255     
   1.93613071021096              736   13.8804318067711     
   2.06105459647190              737   13.8793427635050     
   2.18596868134345              738   13.8781878412040     
   2.31087237191428              739   13.8769670673049     
   2.43576507552003              740   13.8756804708028     
   2.56064619975725              741   13.8743280822498     
   2.68551515249750              742   13.8729099337527     
   2.81037134190127              743   13.8714260589718     
   2.93521417643202              744   13.8698764931184     
   3.06004306487009              745   13.8682612729527     
   3.18485741632666              746   13.8665804367823     
   3.30965664025770              747   13.8648340244596     
   3.43444014647784              748   13.8630220773792     
   3.55920734517425              749   13.8611446384761     
   3.68395764692054              750   13.8592017522227     
   3.80869046269054              751   13.8571934646269     
   3.93340520387218              752   13.8551198232285     
   4.05810128228124              753   13.8529808770973     
   4.18277811017511              754   13.8507766768299     
   4.30743510026658              755   13.8485072745469     
   4.43207166573751              756   13.8461727238898     
   4.55668722025251              757   13.8437730800180     
   4.68128117797268              758   13.8413083996053     
   4.80585295356912              759   13.8387787408375     
   4.93040196223666              760   13.8361841634080     
   5.05492761970733              761   13.8335247285154     
   5.17942934226397              762   13.8308004988587     
   5.30390654675370              763   13.8280115386352     
   5.42835865060142              764   13.8251579135359     
   5.55278507182324              765   13.8222396907418     
   5.67718522903992              766   13.8192569389205     
   5.80155854149020              767   13.8162097282213     
   5.92590442904419              768   13.8130981302729     
   6.05022231221665              769   13.8099222181776     
   6.17451161218025              770   13.8066820665078     
   6.29877175077882              771   13.8033777513024     
   6.42300215054054              772   13.8000093500611     
   6.54720223469109              773   13.7965769417412     
   6.67137142716676              774   13.7930806067527     
   6.79550915262754              775   13.7895204269535     
   6.91961483647012              776   13.7858964856453     
   7.04368790484093              777   13.7822088675679     
   7.16772778464904              778   13.7784576588960     
   7.29173390357910              779   13.7746429472324     
   7.41570569010419              780   13.7707648216045     
   7.53964257349863              781   13.7668233724592     
   7.66354398385077              782   13.7628186916569     
   7.78740935207568              783   13.7587508724666     
   7.91123810992788              784   13.7546200095617     
   8.03502969001393              785   13.7504261990130     
   8.15878352580505              786   13.7461695382852     
   8.28249905164962              787   13.7418501262295     
   8.40617570278568              788   13.7374680630789     
   8.52981291535339              789   13.7330234504436     
   8.65341012640738              790   13.7285163913039     
   8.77696677392912              791   13.7239469900048     
   8.90048229683916              792   13.7193153522498     
   9.02395613500941              793   13.7146215850975     
   9.14738772927529              794   13.7098657969510     
   9.27077652144785              795   13.7050480975566     
   9.39412195432586              796   13.7001685979951     
   9.51742347170781              797   13.6952274106754     
   9.64068051840389              798   13.6902246493303     
   9.76389254024786              799   13.6851604290086     
   9.88705898410894              800   13.6800348660684     
   10.0101792979036              801   13.6748480781724     
   10.1332529306071              802   13.6696001842805     
   10.2562793322656              803   13.6642913046420     
   10.3792579540074              804   13.6589215607918     
   10.5021882480545              805   13.6534910755410     
   10.6250696677344              806   13.6479999729716     
   10.7479016674911              807   13.6424483784301     
   10.8706837028970              808   13.6368364185188     
   10.9934152306637              809   13.6311642210908     
   11.1160957086535              810   13.6254319152425     
   11.2387245958907              811   13.6196396313062     
   11.3613013525724              812   13.6137875008430     
   11.4838254400800              813   13.6078756566364     
   11.6062963209898              814   13.6019042326837     
   11.7287134590839              815   13.5958733641913     
   11.8510763193616              816   13.5897831875642     
   11.9733843680497              817   13.5836338404008     
   12.0956370726133              818   13.5774254614850     
   12.2178339017667              819   13.5711581907793     
   12.3399743254837              820   13.5648321694154     
   12.4620578150084              821   13.5584475396892     
   12.5840838428656              822   13.5520044450510     
   12.7060518828711              823   13.5455030300995     
   12.8279614101420              824   13.5389434405728     
   12.9498119011072              825   13.5323258233421     
   13.0716028335172              826   13.5256503264023     
   13.1933336864548              827   13.5189170988647     
   13.3150039403446              828   13.5121262909510     
   13.4366130769632              829   13.5052780539813     
   13.5581605794490              830   13.4983725403709     
   13.6796459323124              831   13.4914099036182     
   13.8010686214449              832   13.4843902982996     
   13.9224281341296              833   13.4773138800597     
   14.0437239590502              834   13.4701808056034     
   14.1649555863006              835   13.4629912326886     
   14.2861225073948              836   13.4557453201170     
   14.4072242152758              837   13.4484432277267     
   14.5282602043254              838   13.4410851163825     
   14.6492299703728              839   13.4336711479699     
   14.7701330107046              840   13.4262014853841     
   14.8909688240730              841   13.4186762925237     
   15.0117369107057              842   13.4110957342814     
   15.1324367723143              843   13.4034599765348     
   15.2530679121031              844   13.3957691861397     
   15.3736298347783              845   13.3880235309201     
   15.4941220465566              846   13.3802231796606     
   15.6145440551735              847   13.3723683020960     
   15.7348953698924              848   13.3644590689054     
   15.8551755015126              849   13.3564956517021     
   15.9753839623779              850   13.3484782230236     
   16.0955202663851              851   13.3404069563265     
   16.2155839289920              852   13.3322820259739     
   16.3355744672258              853   13.3241036072273     
   16.4554913996908              854   13.3158718762429     
   16.5753342465770              855   13.3075870100541     
   16.6951025296675              856   13.2992491865704     
   16.8147957723466              857   13.2908585845632     
   16.9344134996077              858   13.2824153836617     
   17.0539552380607              859   13.2739197643394     
   17.1734205159397              860   13.2653719079079     
   17.2928088631109              861   13.2567719965084     
   17.4121198110795              862   13.2481202130994     
   17.5313528929974              863   13.2394167414529     
   17.6505076436704              864   13.2306617661394     
   17.7695835995657              865   13.2218554725255     
   17.8885802988184              866   13.2129980467583     
   18.0074972812393              867   13.2040896757609     
   18.1263340883211              868   13.1951305472226     
   18.2450902632461              869   13.1861208495880     
   18.3637653508924              870   13.1770607720500     
   18.4823588978408              871   13.1679505045391     
   18.6008704523817              872   13.1587902377153     
   18.7192995645211              873   13.1495801629594     
   18.8376457859878              874   13.1403204723613     
   18.9559086702390              875   13.1310113587150     
   19.0740877724675              876   13.1216530155069     
   19.1921826496070              877   13.1122456369057     
   19.3101928603392              878   13.1027894177554     
   19.4281179650990              879   13.0932845535649     
   19.5459575260811              880   13.0837312405008     
   19.6637111072456              881   13.0741296753740     
   19.7813782743239              882   13.0644800556369     
   19.8989585948247              883   13.0547825793662     
   20.0164516380390              884   13.0450374452613     
   20.1338569750463              885   13.0352448526310     
   20.2511741787200              886   13.0254050013853     
   20.3684028237325              887   13.0155180920247     
   20.4855424865607              888   13.0055843256361     
   20.6025927454914              889   12.9956039038761     
   20.7195531806263              890   12.9855770289677     
   20.8364233738870              891   12.9755039036886     
   20.9532029090202              892   12.9653847313642     
   21.0698913716025              893   12.9552197158540     
   21.1864883490452              894   12.9450090615480     
   21.3029934305991              895   12.9347529733524     
   21.4194062073593              896   12.9244516566855     
   21.5357262722694              897   12.9141053174643     
   21.6519532201266              898   12.9037141620966     
   21.7680866475855              899   12.8932783974744     
   21.8841261531627              900   12.8827982309600     
   22.0000713372414              901   12.8722738703818     
   22.1159218020748              902   12.8617055240221     
   22.2316771517910              903   12.8510934006086     
   22.3473369923965              904   12.8404377093069     
   22.4629009317803              905   12.8297386597088     
   22.5783685797176              906   12.8189964618240     
   22.6937395478741              907   12.8082113260746     
   22.8090134498087              908   12.7973834632801     
   22.9241899009782              909   12.7865130846539     
   23.0392685187401              910   12.7756004017895     
   23.1542489223562              911   12.7646456266548     
   23.2691307329961              912   12.7536489715846     
   23.3839135737404              913   12.7426106492652     
   23.4985970695838              914   12.7315308727323     
   23.6131808474384              915   12.7204098553596     
   23.7276645361366              916   12.7092478108466     
   23.8420477664342              917   12.6980449532160     
   23.9563301710132              918   12.6868014968010     
   24.0705113844844              919   12.6755176562361     
   24.1845910433905              920   12.6641936464497     
   24.2985687862086              921   12.6528296826554     
   24.4124442533525              922   12.6414259803423     
   24.5262170871755              923   12.6299827552666     
   24.6398869319729              924   12.6185002234441     
   24.7534534339839              925   12.6069786011386     
   24.8669162413942              926   12.5954181048557     
   24.9802750043379              927   12.5838189513345     
   25.0935293748999              928   12.5721813575371     
   25.2066790071177              929   12.5605055406398     
   25.3197235569835              930   12.5487917180283     
   25.4326626824457              931   12.5370401072840     
   25.5454960434113              932   12.5252509261781     
   25.6582233017469              933   12.5134243926656     
   25.7708441212809              934   12.5015607248701     
   25.8833581678047              935   12.4896601410822     
   25.9957651090745              936   12.4777228597479     
   26.1080646148122              937   12.4657490994606     
   26.2202563567073              938   12.4537390789514     
   26.3323400084179              939   12.4416930170849     
   26.4443152455717              940   12.4296111328472     
   26.5561817457673              941   12.4174936453360     
   26.6679391885753              942   12.4053407737594     
   26.7795872555391              943   12.3931527374212     
   26.8911256301759              944   12.3809297557141     
   27.0025539979774              945   12.3686720481133     
   27.1138720464104              946   12.3563798341695     
   27.2250794649179              947   12.3440533334944     
   27.3361759449194              948   12.3316927657618     
   27.4471611798112              949   12.3192983506928     
   27.5580348649674              950   12.3068703080484     
   27.6687966977399              951   12.2944088576272     
   27.7794463774585              952   12.2819142192496     
   27.8899836054318              953   12.2693866127569     
   28.0004080849466              954   12.2568262579992     
   28.1107195212686              955   12.2442333748272     
   28.2209176216420              956   12.2316081830907     
   28.3310020952898              957   12.2189509026222     
   28.4409726534134              958   12.2062617532350     
   28.5508290091926              959   12.1935409547144     
   28.6605708777850              960   12.1807887268098     
   28.7701979763263              961   12.1680052892259     
   28.8797100239293              962   12.1551908616182     
   28.9891067416839              963   12.1423456635823     
   29.0983878526561              964   12.1294699146502     
   29.2075530818880              965   12.1165638342775     
   29.3166021563965              966   12.1036276418419     
   29.4255348051730              967   12.0906615566317     
   29.5343507591827              968   12.0776657978420     
   29.6430497513633              969   12.0646405845631     
   29.7516315166244              970   12.0515861357779     
   29.8600957918464              971   12.0385026703518     
   29.9684423158795              972   12.0253904070277     
   30.0766708295428              973   12.0122495644147     
   30.1847810756225              974   11.9990803609894     
   30.2927727988714              975   11.9858830150786     
   30.4006457460071              976   11.9726577448607     
   30.5083996657109              977   11.9594047683541     
   30.6160343086261              978   11.9461243034130     
   30.7235494273568              979   11.9328165677190     
   30.8309447764663              980   11.9194817787754     
   30.9382201124752              981   11.9061201538994     
   31.0453751938603              982   11.8927319102163     
   31.1524097810523              983   11.8793172646537     
   31.2593236364342              984   11.8658764339325     
   31.3661165243395              985   11.8524096345622     
   31.4727882110506              986   11.8389170828345     
   31.5793384647961              987   11.8253989948174     
   31.6857670557495              988   11.8118555863451     
   31.7920737560266              989   11.7982870730171     
   31.8982583396837              990   11.7846936701878     
   32.0043205827154              991   11.7710755929631     
   32.1102602630521              992   11.7574330561909     
   32.2160771605578              993   11.7437662744588     
   32.3217710570279              994   11.7300754620852     
   32.4273417361867              995   11.7163608331133     
   32.5327889836847              996   11.7026226013092     
   32.6381125870965              997   11.6888609801483     
   32.7433123359178              998   11.6750761828170     
   32.8483880215632              999   11.6612684222012     
   32.9533394373630             1000   11.6474379108864     
   33.0581663785610             1001   11.6335848611466     
   33.1628686423113             1002   11.6197094849374     
   33.2674460276757             1003   11.6058119938987     
   33.3718983356208             1004   11.5918925993397     
   33.4762253690149             1005   11.5779515122409     
   33.5804269326251             1006   11.5639889432412     
   33.6845028331142             1007   11.5500051026408     
   33.7884528790380             1008   11.5360002003844     
   33.8922768808415             1009   11.5219744460720     
   33.9959746508561             1010   11.5079280489362     
   34.0995460032965             1011   11.4938612178474     
   34.2029907542572             1012   11.4797741613089     
   34.3063087217089             1013   11.4656670874448     
   34.4094997254959             1014   11.4515402040014     
   34.5125635873319             1015   11.4373937183411     
   34.6155001307970             1016   11.4232278374307     
   34.7183091813339             1017   11.4090427678480     
   34.8209905662445             1018   11.3948387157663     
   34.9235441146864             1019   11.3806158869541     
   35.0259696576690             1020   11.3663744867717     
   35.1282670280500             1021   11.3521147201641     
   35.2304360605314             1022   11.3378367916563     
   35.3324765916563             1023   11.3235409053476     
   35.4343884598045             1024   11.3092272649098     
   35.5361715051887             1025   11.2948960735832     
   35.6378255698509             1026   11.2805475341654     
   35.7393504976584             1027   11.2661818490159     
   35.8407461342995             1028   11.2517992200433     
   35.9420123272799             1029   11.2373998487085     
   36.0431489259183             1030   11.2229839360130     
   36.1441557813424             1031   11.2085516825005     
   36.2450327464849             1032   11.1941032882502     
   36.3457796760792             1033   11.1796389528694     
   36.4463964266550             1034   11.1651588754971     
   36.5468828565345             1035   11.1506632547942     
   36.6472388258276             1036   11.1361522889387     
   36.7474641964281             1037   11.1216261756250     
   36.8475588320087             1038   11.1070851120579     
   36.9475225980172             1039   11.0925292949496     
   37.0473553616718             1040   11.0779589205158     
   37.1470569919564             1041   11.0633741844697     
   37.2466273596166             1042   11.0487752820245     
   37.3460663371549             1043   11.0341624078782     
   37.4453737988258             1044   11.0195357562238     
   37.5445496206318             1045   11.0048955207363     
   37.6435936803184             1046   10.9902418945680     
   37.7425058573695             1047   10.9755750703550     
   37.8412860330027             1048   10.9608952402019     
   37.9399340901645             1049   10.9462025956862     
   38.0384499135257             1050   10.9314973278521     
   38.1368333894764             1051   10.9167796272074     
   38.2350844061212             1052   10.9020496837186     
   38.3332028532747             1053   10.8873076868111     
   38.4311886224560             1054   10.8725538253635     
   38.5290416068843             1055   10.8577882877054     
   38.6267617014736             1056   10.8430112616126     
   38.7243488028281             1057   10.8282229343067     
   38.8218028092369             1058   10.8134234924498     
   38.9191236206689             1059   10.7986131221425     
   39.0163111387682             1060   10.7837920089216     
   39.1133652668485             1061   10.7689603377534     
   39.2102859098883             1062   10.7541182930401     
   39.3070729745257             1063   10.7392660586033     
   39.4037263690531             1064   10.7244038176933     
   39.5002460034123             1065   10.7095317529813     
   39.5966317891892             1066   10.6946500465549     
   39.6928836396082             1067   10.6797588799207     
   39.7890014695274             1068   10.6648584339955     
   39.8849851954334             1069   10.6499488891119     
   39.9808347354354             1070   10.6350304250040     
   40.0765500092604             1071   10.6201032208178     
   40.1721309382478             1072   10.6051674551008     
   40.2675774453437             1073   10.5902233058007     
   40.3628894550959             1074   10.5752709502656     
   40.4580668936483             1075   10.5603105652376     
   40.5531096887354             1076   10.5453423268563     
   40.6480177696772             1077   10.5303664106526     
   40.7427910673730             1078   10.5153829915455     
   40.8374295142969             1079   10.5003922438437     
   40.9319330444915             1080   10.4853943412388     
   41.0263015935627             1081   10.4703894568132     
   41.1205350986740             1082   10.4553777630206     
   41.2146334985412             1083   10.4403594317041     
   41.3085967334265             1084   10.4253346340791     
   41.4024247451332             1085   10.4103035407393     
   41.4961174769999             1086   10.3952663216502     
   41.5896748738947             1087   10.3802231461540     
   41.6830968822101             1088   10.3651741829604     
   41.7763834498568             1089   10.3501196001482     
   41.8695345262581             1090   10.3350595651640     
   41.9625500623446             1091   10.3199942448195     
   42.0554300105480             1092   10.3049238052932     
   42.1481743247956             1093   10.2898484121252     
   42.2407829605047             1094   10.2747682302117     
   42.3332558745766             1095   10.2596834238161     
   42.4255930253910             1096   10.2445941565558     
   42.5177943728000             1097   10.2295005914057     
   42.6098598781226             1098   10.2144028906955     
   42.7017895041389             1099   10.1993012161109     
   42.7935832150839             1100   10.1841957286892     
   42.8852409766421             1101   10.1690865888197     
   42.9767627559415             1102   10.1539739562418     
   43.0681485215476             1103   10.1388579900454     
   43.1593982434580             1104   10.1237388486671     
   43.2505118930960             1105   10.1086166898925     
   43.3414894433051             1106   10.0934916708511     
   43.4323308683427             1107   10.0783639480184     
   43.5230361438749             1108   10.0632336772135     
   43.6136052469698             1109   10.0481010136030     
   43.7040381560923             1110   10.0329661116874     
   43.7943348510974             1111   10.0178291253164     
   43.8844953132253             1112   10.0026902076770     
   43.9745195250944             1113   9.98754951129399     
   44.0644074706960             1114   9.97240718803659     
   44.1541591353884             1115   9.95726338910588     
   44.2437745058903             1116   9.94211826504612     
   44.3332535702757             1117   9.92697196573605     
   44.4225963179673             1118   9.91182464038884     
   44.5118027397308             1119   9.89667643755846     
   44.6008728276689             1120   9.88152750512938     
   44.6898065752150             1121   9.86637799032290     
   44.7786039771279             1122   9.85122803969318     
   44.8672650294852             1123   9.83607779913124     
   44.9557897296774             1124   9.82092741385543     
   45.0441780764021             1125   9.80577702842567     
   45.1324300696579             1126   9.79062678672528     
   45.2205457107384             1127   9.77547683197599     
   45.3085250022262             1128   9.76032730672848     
   45.3963679479868             1129   9.74517835286785     
   45.4840745531626             1130   9.73003011160658     
   45.5716448241670             1131   9.71488272349319     
   45.6590787686785             1132   9.69973632840196     
   45.7463763956341             1133   9.68459106554399     
   45.8335377152240             1134   9.66944707345618     
   45.9205627388851             1135   9.65430449000751     
   46.0074514792952             1136   9.63916345239902     
   46.0942039503667             1137   9.62402409716311     
   46.1808201672412             1138   9.60888656015868     
   46.2673001462826             1139   9.59375097657913     
   46.3536439050719             1140   9.57861748094757     
   46.4398514624004             1141   9.56348620711683     
   46.5259228382644             1142   9.54835728827182     
   46.6118580538589             1143   9.53323085693114     
   46.6976571315713             1144   9.51810704493678     
   46.7833200949757             1145   9.50298598347230     
   46.8688469688269             1146   9.48786780304545     
   46.9542377790544             1147   9.47275263349844     
   47.0394925527558             1148   9.45764060400636     
   47.1246113181919             1149   9.44253184307639     
   47.2095941047796             1150   9.42742647854860     
   47.2944409430865             1151   9.41232463759671     
   47.3791518648249             1152   9.39722644672574     
   47.4637269028454             1153   9.38213203178072     
   47.5481660911314             1154   9.36704151793164     
   47.6324694647928             1155   9.35195502969400     
   47.7166370600601             1156   9.33687269091068     
   47.8006689142783             1157   9.32179462476452     
   47.8845650659012             1158   9.30672095377519     
   47.9683255544851             1159   9.29165179979602     
   48.0519504206833             1160   9.27658728402115     
   48.1354397062395             1161   9.26152752698231     
   48.2187934539823             1162   9.24647264855041     
   48.3020117078193             1163   9.23142276793322     
   48.3850945127307             1164   9.21637800368242     
   48.4680419147638             1165   9.20133847368810     
   48.5508539610270             1166   9.18630429518430     
   48.6335306996837             1167   9.17127558474501     
   48.7160721799464             1168   9.15625245828740     
   48.7984784520710             1169   9.14123503107649     
   48.8807495673507             1170   9.12622341771652     
   48.9628855781101             1171   9.11121773215958     
   49.0448865376995             1172   9.09621808770803     
   49.1267525004889             1173   9.08122459700422     
   49.2084835218620             1174   9.06623737204547     
   49.2900796582104             1175   9.05125652417382     
   49.3715409669279             1176   9.03628216408315     
   49.4528675064047             1177   9.02131440181838     
   49.5340593360210             1178   9.00635334677465     
   49.6151165161420             1179   8.99139910770449     
   49.6960391081113             1180   8.97645179270749     
   49.7768271742457             1181   8.96151150924535     
   49.8574807778289             1182   8.94657836413160     
   49.9379999831061             1183   8.93165246353710     
   50.0183848552779             1184   8.91673391299245     
   50.0986354604949             1185   8.90182281738798     
   50.1787518658514             1186   8.88691928096977     
   50.2587341393801             1187   8.87202340735390     
   50.3385823500463             1188   8.85713529951144     
   50.4182965677419             1189   8.84225505977949     
   50.4978768632799             1190   8.82738278986276     
   50.5773233083887             1191   8.81251859083044     
   50.6566359757061             1192   8.79766256311696     
   50.7358149387742             1193   8.78281480653066     
   50.8148602720330             1194   8.76797542024516     
   50.8937720508152             1195   8.75314450280958     
   50.9725503513405             1196   8.73832215213907     
   51.0511952507097             1197   8.72350846553142     
   51.1297068268995             1198   8.70870353965280     
   51.2080851587564             1199   8.69390747054805     
   51.2863303259913             1200   8.67912035363992     
   51.3644424091741             1201   8.66434228373060     
   51.4424214897276             1202   8.64957335500489     
   51.5202676499227             1203   8.63481366102390     
   51.5979809728719             1204   8.62006329473925     
   51.6755615425245             1205   8.60532234847966     
   51.7530094436609             1206   8.59059091396830     
   51.8303247618866             1207   8.57586908230938     
   51.9075075836274             1208   8.56115694400077     
   51.9845579961234             1209   8.54645458892852     
   52.0614760874237             1210   8.53176210637072     
   52.1382619463811             1211   8.51707958499917     
   52.2149156626461             1212   8.50240711288327     
   52.2914373266620             1213   8.48774477748609     
   52.3678270296594             1214   8.47309266566912     
   52.4440848636504             1215   8.45845086369618     
   52.5202109214237             1216   8.44381945723032     
   52.5962052965387             1217   8.42919853133613     
   52.6720680833208             1218   8.41458817048451     
   52.7477993768551             1219   8.39998845855424     
   52.8233992729821             1220   8.38539947882566     
   52.8988678682915             1221   8.37082131399648     
   52.9742052601175             1222   8.35625404616754     
   53.0494115465330             1223   8.34169775685704     
   53.1244868263447             1224   8.32715252699659     
   53.1994311990877             1225   8.31261843693120     
   53.2742447650201             1226   8.29809556642639     
   53.3489276251179             1227   8.28358399466427     
   53.4234798810699             1228   8.26908380024902     
   53.4979016352721             1229   8.25459506120928     
   53.5721929908230             1230   8.24011785499105     
   53.6463540515179             1231   8.22565225847506     
   53.7203849218442             1232   8.21119834796412     
   53.7942857069759             1233   8.19675619919104     
   53.8680565127686             1234   8.18232588732176     
   53.9416974457545             1235   8.16790748695300     
   54.0152086131371             1236   8.15350107211543     
   54.0885901227861             1237   8.13910671628074     
   54.1618420832327             1238   8.12472449235063     
   54.2349646036638             1239   8.11035447267569     
   54.3079577939179             1240   8.09599672904129     
   54.3808217644793             1241   8.08165133267854     
   54.4535566264734             1242   8.06731835426591     
   54.5261624916618             1243   8.05299786392450     
   54.5986394724371             1244   8.03868993122908     
   54.6709876818181             1245   8.02439462520176     
   54.7432072334450             1246   8.01011201431518     
   54.8152982415738             1247   7.99584216650512     
   54.8872608210723             1248   7.98158514915157     
   54.9590950874147             1249   7.96734102910237     
   55.0308011566766             1250   7.95310987265986     
   55.1023791455306             1251   7.93889174558949     
   55.1738291712409             1252   7.92468671312068     
   55.2451513516590             1253   7.91049483994597     
   55.3163458052185             1254   7.89631619022973     
   55.3874126509305             1255   7.88215082760107     
   55.4583520083790             1256   7.86799881516171     
   55.5291639977154             1257   7.85386021548678     
   55.5998487396548             1258   7.83973509062403     
   55.6704063554704             1259   7.82562350210330     
   55.7408369669893             1260   7.81152551092627     
   55.8111406965877             1261   7.79744117757907     
   55.8813176671859             1262   7.78337056202834     
   55.9513680022441             1263   7.76931372372600     
   56.0212918257577             1264   7.75527072161155     
   56.0910892622522             1265   7.74124161410978     
   56.1607604367792             1266   7.72722645913780     
   56.2303054749114             1267   7.71322531410116     
   56.2997245027383             1268   7.69923823590564     
   56.3690176468615             1269   7.68526528094703     
   56.4381850343900             1270   7.67130650511897     
   56.5072267929361             1271   7.65736196382013     
   56.5761430506104             1272   7.64343171194702     
   56.6449339360180             1273   7.62951580389565     
   56.7135995782530             1274   7.61561429357806     
   56.7821401068952             1275   7.60172723440336     
   56.8505556520049             1276   7.58785467929436     
   56.9188463441185             1277   7.57399668068754     
   56.9870123142447             1278   7.56015329052831     
   57.0550536938594             1279   7.54632456028048     
   57.1229706149020             1280   7.53251054092156     
   57.1907632097703             1281   7.51871128295376     
   57.2584316113169             1282   7.50492683639534     
   57.3259759528444             1283   7.49115725078850     
   57.3933963681015             1284   7.47740257520333     
   57.4606929912783             1285   7.46366285823462     
   57.5278659570024             1286   7.44993814800428     
   57.5949154003345             1287   7.43622849217079     
   57.6618414567640             1288   7.42253393792127     
   57.7286442622053             1289   7.40885453197630     
   57.7953239529931             1290   7.39519032059851     
   57.8618806658785             1291   7.38154134958475     
   57.9283145380248             1292   7.36790766427554     
   57.9946257070032             1293   7.35428930955114     
   58.0608143107892             1294   7.34068632983941     
   58.1268804877577             1295   7.32709876911347     
   58.1928243766798             1296   7.31352667089722     
   58.2586461167178             1297   7.29997007825981     
   58.3243458474222             1298   7.28642903382908     
   58.3899237087266             1299   7.27290357978521     
   58.4553798409447             1300   7.25939375786311     
   58.5207143847655             1301   7.24589960935794     
   58.5859274812497             1302   7.23242117512749     
   58.6510192718258             1303   7.21895849558507     
   58.7159898982861             1304   7.20551161071686     
   58.7808395027826             1305   7.19208056007009     
   58.8455682278232             1306   7.17866538276171     
   58.9101762162680             1307   7.16526611747841     
   58.9746636113254             1308   7.15188280248056     
   59.0390305565477             1309   7.13851547560217     
   59.1032771958281             1310   7.12516417425175     
   59.1674036733964             1311   7.11182893541857     
   59.2314101338151             1312   7.09850979567032     
   59.2952967219762             1313   7.08520679115783     
   59.3590635830966             1314   7.07191995761589     
   59.4227108627151             1315   7.05864933036319     
   59.4862387066884             1316   7.04539494430871     
   59.5496472611872             1317   7.03215683395086     
   59.6129366726927             1318   7.01893503337914     
   59.6761070879931             1319   7.00572957627878     
   59.7391586541797             1320   6.99254049592686     
   59.8020915186430             1321   6.97936782520180     
   59.8649058290698             1322   6.96621159658011     
   59.9276017334390             1323   6.95307184214124     
   59.9901793800183             1324   6.93994859356590     
   60.0526389173604             1325   6.92684188214009     
   60.1149804942997             1326   6.91375173876136     
   60.1772042599485             1327   6.90067819393095     
   60.2393103636939             1328   6.88762127776480     
   60.3012989551938             1329   6.87458101999204     
   60.3631701843737             1330   6.86155744995492     
   60.4249242014233             1331   6.84855059661358     
   60.4865611567928             1332   6.83556048854841     
   60.5480812011898             1333   6.82258715395850     
   60.6094844855754             1334   6.80963062066711     
   60.6707711611614             1335   6.79669091612014     
   60.7319413794065             1336   6.78376806739323     
   60.7929952920130             1337   6.77086210118697     
   60.8539330509237             1338   6.75797304383726     
   60.9147548083182             1339   6.74510092130415     
   60.9754607166100             1340   6.73224575919088     
   61.0360509284427             1341   6.71940758273119     
   61.0965255966873             1342   6.70658641679643     
   61.1568848744384             1343   6.69378228590192     
   61.2171289150115             1344   6.68099521419979     
   61.2772578719393             1345   6.66822522548848     
   61.3372718989687             1346   6.65547234321353     
   61.3971711500577             1347   6.64273659046207     
   61.4569557793718             1348   6.63001798997540     
   61.5166259412816             1349   6.61731656414430     
   61.5761817903589             1350   6.60463233501297     
   61.6356234813740             1351   6.59196532427744     
   61.6949511692925             1352   6.57931555329662     
   61.7541650092722             1353   6.56668304307967     
   61.8132651566599             1354   6.55406781430183     
   61.8722517669886             1355   6.54146988729959     
   61.9311249959743             1356   6.52888928207002     
   61.9898849995129             1357   6.51632601828014     
   62.0485319336775             1358   6.50378011526145     
   62.1070659547148             1359   6.49125159201781     
   62.1654872190430             1360   6.47874046722229     
   62.2237958832480             1361   6.46624675921872     
   62.2819921040809             1362   6.45377048603122     
   62.3400760384552             1363   6.44131166535702     
   62.3980478434434             1364   6.42887031457286     
   62.4559076762746             1365   6.41644645073174     
   62.5136556943312             1366   6.40404009057723     
   62.5712920551464             1367   6.39165125052759     
   62.6288169164011             1368   6.37927994669320     
   62.6862304359214             1369   6.36692619486704     
   62.7435327716752             1370   6.35459001053581     
   62.8007240817700             1371   6.34227140887194     
   62.8578045244498             1372   6.32997040474632     
   62.9147742580925             1373   6.31768701271874     
   62.9716334412070             1374   6.30542124704982     
   63.0283822324305             1375   6.29317312169301     
   63.0850207905257             1376   6.28094265030812     
   63.1415492743785             1377   6.26872984624782     
   63.1979678429947             1378   6.25653472257663     
   63.2542766554979             1379   6.24435729205746     
   63.3104758711264             1380   6.23219756716430     
   63.3665656492309             1381   6.22005556007505     
   63.4225461492716             1382   6.20793128268105     
   63.4784175308157             1383   6.19582474658466     
   63.5341799535350             1384   6.18373596309930     
   63.5898335772029             1385   6.17166494325892     
   63.6453785616922             1386   6.15961169780772     
   63.7008150669725             1387   6.14757623721276     
   63.7561432531074             1388   6.13555857166009     
   63.8113632802523             1389   6.12355871105624     
   63.8664753086518             1390   6.11157666503301     
   63.9214794986371             1391   6.09961244294905     
   63.9763760106237             1392   6.08766605388509     
   64.0311650051086             1393   6.07573750665185     
   64.0858466426685             1394   6.28904758037960     
   64.1424480708919             1395   6.77391413006647     
   64.2034132980625             1396   7.32678482322216     
   64.2693543614715             1397   7.92477950193100     
   64.3406773769889             1398   8.57158107812792     
   64.4178216066920             1399   9.27117305421790     
   64.5012621641800             1400   10.0278640565597     
   64.5915129406890             1401   10.8463143713083     
   64.6891297700308             1402   11.7315646460428     
   64.7947138518452             1403   12.6890669339540     
   64.9089154542508             1404   13.7247182718028     
   65.0324379186970             1405   14.8448969984022     
   65.1660419916826             1406   16.0565020373440     
   65.3105505100187             1407   17.3669953858848     
   65.4668534684917             1408   18.7844480716864     
   65.6359135011369             1409   20.3175898603989     
   65.8187718098804             1410   21.9758630203033     
   66.0165545770632             1411   23.7694804750659     
   66.2304799013388             1412   25.7094887027875     
   66.4618652996639             1413   27.8078357687358     
   66.7121358215825             1414   30.0774449107229     
   66.9828328257790             1415   32.5322941303720     
   67.2756234729523             1416   35.1875022804128     
   67.5923109934760             1417   38.0594221782265     
   67.9348457930801             1418   41.1657413190925     
   68.3053374649519             1419   44.5255908094156     
   68.7060677822367             1420   48.1596631908051     
   69.1395047509539             1421   52.0903398807143     
   69.6083178098803             1422   56.3418290144126     
   70.1153942710100             1423   60.9403145373777     
   70.6638571018464             1424   65.9141174661594     
   71.2570841590419             1425   71.2938703110571     
   71.8987289918414             1426   77.1127057346901     
   72.5927433434536             1427   83.4064606084723     
   73.3434014889299             1428   90.2138967236823     
   74.1553265594430             1429   97.5769395164134     
   75.0335190150907             1430   105.540936276730     
   75.9833874415813             1431   114.154935432211     
   77.0107818604712             1432   123.471988625950     
   78.1220297581047             1433   133.549477449438     
   79.3239750551497             1434   144.449466842635     
   80.6240202567334             1435   156.239087337658     
   82.0301720427723             1436   168.990948500335     
   83.5510905792753             1437   182.783586115840     
   85.1961428543179             1438   197.701945872562     
   86.9754603671709             1439   213.837906523107     
   88.9000015258789             1440  0.000000000000000E+000
