  -88.9000000000000       -86.9493129958064       -85.0948202116700     
  -83.3317780224207       -81.6556767252563       -80.0622290043299     
  -78.5473589641832       -77.1071917039734       -75.7380434058269     
  -74.4364119119650       -73.1989677665015       -72.0225456989937     
  -70.9041365279675       -69.8408794637018       -68.8300547905874     
  -67.8690769103392       -66.9554877282697       -66.0869503657043     
  -65.2612431824567       -64.4762540940739       -63.7299751693146     
  -63.0204974940423       -62.3460062883954       -61.7047762647440     
  -61.0951672145598       -60.5156198129108       -59.9646516298490     
  -59.4408533384879       -58.9428851100721       -58.4694731868158     
  -58.0194066237457       -57.5915341912129       -57.1847614301513     
  -56.7980478525500       -56.4304042799792       -56.0808903133609     
  -55.7486119275126       -55.4327191843123       -55.1324040586326     
  -54.8468983714861       -54.5718915601301       -54.2992588943819     
  -54.0248089075640       -53.7485358251505       -53.4704340032550     
  -53.1904979324066       -52.9087222413707       -52.6251017010108     
  -52.3396312281932       -52.0523058897326       -51.7631209063768     
  -51.4720716568309       -51.1791536818190       -50.8843626881825     
  -50.5876945530136       -50.2891453278223       -49.9887112427371     
  -49.6863887107353       -49.3821743319037       -49.0760648977271     
  -48.7680573954026       -48.4581490121787       -48.1463371397164     
  -47.8326193784713       -47.5169935420941       -47.1994576618478     
  -46.8800099910381       -46.5586490094574       -46.2353734278368     
  -45.9101821923066       -45.5830744888601       -45.2540497478207     
  -44.9231076483075       -44.5902481226974       -44.2554713610812     
  -43.9187778157106       -43.5801682054317       -43.2396435201046     
  -42.8972050250031       -42.5528542651925       -42.2065930698831     
  -41.8584235567533       -41.5083481362417       -41.1563695158024     
  -40.8024907041209       -40.4467150152866       -40.0890460729178     
  -39.7294878142361       -39.3680444940847       -39.0047206888886     
  -38.6395213005506       -38.2724515602800       -37.9035170323505     
  -37.5327236177808       -37.1600775579359       -36.7855854380436     
  -36.4092541906215       -36.0310910988115       -35.6511037996149     
  -35.2693002870270       -34.8856889150629       -34.5002784006728     
  -34.1130778265413       -33.7240966437658       -33.3333446744097     
  -32.9408321139263       -32.5465695334481       -32.1505678819380     
  -31.7528384881961       -31.3533930627203       -30.9522436994136     
  -30.5494028771357       -30.1448834610933       -29.7386987040660     
  -29.3308622474620       -28.9213881222015       -28.5102907494224     
  -28.0975849410039       -27.6832858999062       -27.2674092203203     
  -26.8499708876259       -26.4309872781533       -26.0104751587449     
  -25.5884516861159       -25.1649344060073       -24.7399412521319     
  -24.3134905449079       -23.8856009899789       -23.4562916765175     
  -23.0255820753097       -22.5934920366195       -22.1600417878298     
  -21.7252519308601       -21.2891434393580       -20.8517376556635     
  -20.4130562875462       -19.9731214047133       -19.5319554350884     
  -19.0895811608611       -18.6460217143069       -18.2013005733778     
  -17.7554415570639       -17.3084688205273       -16.8604068500083     
  -16.4112804575061       -15.9611147752346       -15.5099352498565     
  -15.0577676364952       -14.6046379925306       -14.1505726711770     
  -13.6955983148499       -13.2397418483224       -12.7830304716751     
  -12.3254916530441       -11.8671531211698       -11.4080428577516     
  -10.9481890896121       -10.4876202806772       -10.0263651237746     
  -9.56445253225802       -9.10191163146194       -8.63877174999209     
  -8.17506241085838       -7.71081332245594       -7.24605436940086     
  -6.78081560322719       -6.31512723295197       -5.84901961551529     
  -5.38252324610257       -4.91566874835634       -4.44848686448514     
  -3.98100844527706       -3.51326444002578       -3.04528588637716     
  -2.57710390010416       -2.10874966481851       -1.64025442162726     
  -1.17164945874254      -0.702966101052946      -0.234235699665113     
  0.234235699665113       0.702966101052946        1.17164945874254     
   1.64025442162726        2.10874966481851        2.57710390010416     
   3.04528588637716        3.51326444002578        3.98100844527706     
   4.44848686448514        4.91566874835634        5.38252324610257     
   5.84901961551529        6.31512723295197        6.78081560322719     
   7.24605436940086        7.71081332245594        8.17506241085838     
   8.63877174999209        9.10191163146194        9.56445253225802     
   10.0263651237746        10.4876202806772        10.9481890896121     
   11.4080428577516        11.8671531211698        12.3254916530441     
   12.7830304716751        13.2397418483224        13.6955983148499     
   14.1505726711770        14.6046379925306        15.0577676364952     
   15.5099352498565        15.9611147752346        16.4112804575061     
   16.8604068500083        17.3084688205273        17.7554415570639     
   18.2013005733778        18.6460217143069        19.0895811608611     
   19.5319554350884        19.9731214047133        20.4130562875462     
   20.8517376556635        21.2891434393580        21.7252519308601     
   22.1600417878298        22.5934920366195        23.0255820753097     
   23.4562916765175        23.8856009899789        24.3134905449079     
   24.7399412521319        25.1649344060073        25.5884516861159     
   26.0104751587449        26.4309872781533        26.8499708876259     
   27.2674092203203        27.6832858999062        28.0975849410039     
   28.5102907494224        28.9213881222015        29.3308622474620     
   29.7386987040660        30.1448834610933        30.5494028771357     
   30.9522436994136        31.3533930627203        31.7528384881961     
   32.1505678819380        32.5465695334481        32.9408321139263     
   33.3333446744097        33.7240966437658        34.1130778265413     
   34.5002784006728        34.8856889150629        35.2693002870270     
   35.6511037996149        36.0310910988115        36.4092541906215     
   36.7855854380436        37.1600775579359        37.5327236177808     
   37.9035170323505        38.2724515602800        38.6395213005506     
   39.0047206888886        39.3680444940847        39.7294878142361     
   40.0890460729178        40.4467150152866        40.8024907041209     
   41.1563695158024        41.5083481362417        41.8584235567533     
   42.2065930698831        42.5528542651925        42.8972050250031     
   43.2396435201046        43.5801682054317        43.9187778157106     
   44.2554713610812        44.5902481226974        44.9231076483075     
   45.2540497478207        45.5830744888601        45.9101821923066     
   46.2353734278368        46.5586490094574        46.8800099910381     
   47.1994576618478        47.5169935420941        47.8326193784713     
   48.1463371397164        48.4581490121787        48.7680573954026     
   49.0760648977271        49.3821743319037        49.6863887107353     
   49.9887112427371        50.2891453278223        50.5876945530136     
   50.8843626881825        51.1791536818190        51.4720716568309     
   51.7631209063768        52.0523058897326        52.3396312281932     
   52.6251017010108        52.9087222413707        53.1904979324066     
   53.4704340032550        53.7485358251505        54.0248089075640     
   54.2992588943819        54.5718915601301        54.8468983714861     
   55.1324040586326        55.4327191843123        55.7486119275126     
   56.0808903133609        56.4304042799792        56.7980478525500     
   57.1847614301513        57.5915341912129        58.0194066237457     
   58.4694731868158        58.9428851100721        59.4408533384879     
   59.9646516298490        60.5156198129108        61.0951672145598     
   61.7047762647440        62.3460062883954        63.0204974940423     
   63.7299751693146        64.4762540940739        65.2612431824567     
   66.0869503657043        66.9554877282697        67.8690769103392     
   68.8300547905874        69.8408794637018        70.9041365279675     
   72.0225456989937        73.1989677665015        74.4364119119650     
   75.7380434058269        77.1071917039734        78.5473589641832     
   80.0622290043299        81.6556767252563        83.3317780224207     
   85.0948202116700        86.9493129958064        88.9000000000000     
