  -88.4000000000000       -85.5334047338117       -82.9217543865779     
  -80.5423750522654       -78.3746093624402       -76.3996371424931     
  -74.6003120180711       -72.9610125531586       -71.4675066274156     
  -70.1068278753193       -68.8671631143740       -67.7377497850618     
  -66.7087825121232       -65.7713279759494       -64.9172473550148     
  -64.1391256660066       -63.4302073881952       -62.7843378131476     
  -62.1959096105909       -61.6598141465204       -61.1713971309045     
  -60.7264182099269       -60.3210141519525       -59.9516653076050     
  -59.6151650527666       -59.2951776212855       -58.9745419422727     
  -58.6508950312229       -58.3242190332602       -57.9944963184923     
  -57.6617094943725       -57.3258414183389       -56.9868752107303     
  -56.6447942679785       -56.2995822760770       -55.9512232243244     
  -55.5997014193408       -55.2450014993568       -54.8871084487703     
  -54.5260076129716       -54.1616847134298       -53.7941258630398     
  -53.4233175817242       -53.0492468122853       -52.6719009365016     
  -52.2912677914639       -51.9073356861429       -51.5200934181821     
  -51.1295302909071       -50.7356361305447       -50.3384013036395     
  -49.9378167346608       -49.5338739237879       -49.1265649648618     
  -48.7158825634929       -48.3018200553092       -47.8843714243337     
  -47.4635313214747       -47.0392950831147       -46.6116587497805     
  -46.1806190848792       -45.7461735934799       -45.3083205411246     
  -44.8670589726473       -44.4223887309813       -43.9743104759330     
  -43.5228257029011       -43.0679367615165       -42.6096468741810     
  -42.1479601544782       -41.6828816254325       -41.2144172375894     
  -40.7425738868901       -40.2673594323120       -39.7887827132478     
  -39.3068535665928       -38.8215828435104       -38.3329824258467     
  -37.8410652421613       -37.3458452833430       -36.8473376177795     
  -36.3455584060465       -35.8405249150844       -35.3322555318288     
  -34.8207697762612       -34.3060883138461       -33.7882329673201     
  -33.2672267277992       -32.7430937651708       -32.2158594377347     
  -31.6855503010617       -31.1521941160338       -30.6158198560352     
  -30.0764577132589       -29.5341391040992       -28.9888966735963     
  -28.4407642989043       -27.8897770917502       -27.3359713998579     
  -26.7793848073060       -26.2200561337953       -25.6580254327989     
  -25.0933339885708       -24.5260243119914       -23.9561401352273     
  -23.3837264051867       -22.8088292757528       -22.2314960987788     
  -21.6517754138314       -21.0697169366701       -20.4853715464534     
  -19.8987912716638       -19.3100292747474       -18.7191398354638     
  -18.1261783329479       -17.5312012264839       -16.9342660349979     
  -16.3354313152749       -15.7347566389115       -15.1323025680164     
  -14.5281306296735       -13.9223032891868       -13.3148839221274     
  -12.7059367852056       -12.0955269859945       -11.4837204515352     
  -10.8705838958535       -10.2561847864221       -9.64059130960770     
  -9.02387233513791       -8.40609737963372       -7.78733656924852     
  -7.16766060146137       -6.54714070607237       -5.92584860545051     
  -5.30385647408646       -4.68123689750434       -4.05806283058828     
  -3.43440755538115       -2.81034463841418       -2.18594788762741     
  -1.56129130894224      -0.936449062547775      -0.311495418964110     
  0.311495418964110       0.936449062547775        1.56129130894224     
   2.18594788762741        2.81034463841418        3.43440755538115     
   4.05806283058828        4.68123689750434        5.30385647408646     
   5.92584860545051        6.54714070607237        7.16766060146137     
   7.78733656924852        8.40609737963372        9.02387233513791     
   9.64059130960770        10.2561847864221        10.8705838958535     
   11.4837204515352        12.0955269859945        12.7059367852056     
   13.3148839221274        13.9223032891868        14.5281306296735     
   15.1323025680164        15.7347566389115        16.3354313152749     
   16.9342660349979        17.5312012264839        18.1261783329479     
   18.7191398354638        19.3100292747474        19.8987912716638     
   20.4853715464534        21.0697169366701        21.6517754138314     
   22.2314960987788        22.8088292757528        23.3837264051867     
   23.9561401352273        24.5260243119914        25.0933339885708     
   25.6580254327989        26.2200561337953        26.7793848073060     
   27.3359713998579        27.8897770917502        28.4407642989043     
   28.9888966735963        29.5341391040992        30.0764577132589     
   30.6158198560352        31.1521941160338        31.6855503010617     
   32.2158594377347        32.7430937651708        33.2672267277992     
   33.7882329673201        34.3060883138461        34.8207697762612     
   35.3322555318288        35.8405249150844        36.3455584060465     
   36.8473376177795        37.3458452833430        37.8410652421613     
   38.3329824258467        38.8215828435104        39.3068535665928     
   39.7887827132478        40.2673594323120        40.7425738868901     
   41.2144172375894        41.6828816254325        42.1479601544782     
   42.6096468741810        43.0679367615165        43.5228257029011     
   43.9743104759330        44.4223887309813        44.8670589726473     
   45.3083205411246        45.7461735934799        46.1806190848792     
   46.6116587497805        47.0392950831147        47.4635313214747     
   47.8843714243337        48.3018200553092        48.7158825634929     
   49.1265649648618        49.5338739237879        49.9378167346608     
   50.3384013036395        50.7356361305447        51.1295302909071     
   51.5200934181821        51.9073356861429        52.2912677914639     
   52.6719009365016        53.0492468122853        53.4233175817242     
   53.7941258630398        54.1616847134298        54.5260076129716     
   54.8871084487703        55.2450014993568        55.5997014193408     
   55.9512232243244        56.2995822760770        56.6447942679785     
   56.9868752107303        57.3258414183389        57.6617094943725     
   57.9944963184923        58.3242190332602        58.6508950312229     
   58.9745419422727        59.2951776212855        59.6151650527666     
   59.9516653076050        60.3210141519525        60.7264182099269     
   61.1713971309045        61.6598141465204        62.1959096105909     
   62.7843378131476        63.4302073881952        64.1391256660066     
   64.9172473550148        65.7713279759494        66.7087825121232     
   67.7377497850618        68.8671631143740        70.1068278753193     
   71.4675066274156        72.9610125531586        74.6003120180711     
   76.3996371424931        78.3746093624402        80.5423750522654     
   82.9217543865779        85.5334047338117        88.4000000000000     
