  -88.9000000000000       -86.9722298997006       -85.1837024403918     
  -83.5243601400807       -81.9848719676901       -80.5565808715815     
  -79.2314550980882       -78.0020430263051       -76.8614312651576     
  -75.8032057771152       -74.8214158099347       -73.9105404336107     
  -73.0654574943585       -72.2814148110471       -71.5540034521123     
  -70.8791329426745       -70.2530082624443       -69.6721085050673     
  -69.1331670789017       -68.6331533378925       -68.1692555392454     
  -67.7388650320660       -67.3395615880522       -66.9690997917496     
  -66.6253964138369       -66.3065186964376       -66.0106734845828     
  -65.7361971427072       -65.4815461994755       -65.2452886683321     
  -65.0260959949667       -64.8227355864136       -64.6340638797734     
  -64.4590199115801       -64.2966193516526       -64.1459489678800     
  -64.0061614908152       -63.8764708491982       -63.7561477496173     
  -63.6445155754507       -63.5409465820276       -63.4448583666116     
  -63.3557105933574       -63.2730019548239       -63.1935603778965     
  -63.1141782798406       -63.0345786677432       -62.9547610996527     
  -62.8747251340975       -62.7944703300999       -62.7139962471920     
  -62.6333024454301       -62.5523884854102       -62.4712539282837     
  -62.3898983357723       -62.3083212701838       -62.2265222944283     
  -62.1445009720333       -62.0622568671603       -61.9797895446204     
  -61.8970985698912       -61.8141835091323       -61.7310439292026     
  -61.6476793976764       -61.5640894828604       -61.4802737538103     
  -61.3962317803482       -61.3119631330794       -61.2274673834097     
  -61.1427441035629       -61.0577928665983       -60.9726132464283     
  -60.8872048178360       -60.8015671564935       -60.7156998389798     
  -60.6296024427985       -60.5432745463970       -60.4567157291841     
  -60.3699255715490       -60.2829036548799       -60.1956495615829     
  -60.1081628751008       -60.0204431799322       -59.9324900616512     
  -59.8443031069260       -59.7558819035391       -59.6672260404064     
  -59.5783351075974       -59.4892086963549       -59.3998463991149     
  -59.3102478095271       -59.2204125224751       -59.1303401340966     
  -59.0400302418043       -58.9494824443066       -58.8586963416282     
  -58.7676715351313       -58.6764076275368       -58.5849042229454     
  -58.4931609268590       -58.4011773462024       -58.3089530893448     
  -58.2164877661217       -58.1237809878570       -58.0308323673848     
  -57.9376415190718       -57.8442080588395       -57.7505316041871     
  -57.6566117742137       -57.5624481896412       -57.4680404728374     
  -57.3733882478387       -57.2784911403737       -57.1833487778862     
  -57.0879607895588       -56.9923268063365       -56.8964464609502     
  -56.8003193879410       -56.7039452236840       -56.6073236064121     
  -56.5104541762409       -56.4133365751927       -56.3159704472211     
  -56.2183554382358       -56.1204911961272       -56.0223773707917     
  -55.9240136141564       -55.8253995802047       -55.7265349250013     
  -55.6274193067178       -55.5280523856585       -55.4284338242860     
  -55.3285632872471       -55.2284404413987       -55.1280649558341     
  -55.0274365019093       -54.9265547532694       -54.8254193858749     
  -54.7240300780287       -54.6223865104027       -54.5204883660647     
  -54.4183353305057       -54.3159270916668       -54.2132633399664     
  -54.1103437683282       -54.0071680722082       -53.9037359496226     
  -53.8000471011755       -53.6961012300870       -53.5918980422211     
  -53.4874372461138       -53.3827185530019       -53.2777416768505     
  -53.1725063343823       -53.0670122451061       -52.9612591313453     
  -52.8552467182669       -52.7489747339107       -52.6424429092180     
  -52.5356509780613       -52.4285986772732       -52.3212857466762     
  -52.2137119291119       -52.1058769704711       -51.9977806197232     
  -51.8894226289462       -51.7808027533566       -51.6719207513399     
  -51.5627763844802       -51.4533694175908       -51.3436996187447     
  -51.2337667593049       -51.1235706139549       -51.0131109607298     
  -50.9023875810466       -50.7914002597354       -50.6801487850703     
  -50.5686329488004       -50.4568525461809       -50.3448073760046     
  -50.2324972406327       -50.1199219460269       -50.0070813017804     
  -49.8939751211496       -49.7806032210857       -49.6669654222667     
  -49.5530615491286       -49.4388914298980       -49.3244548966238     
  -49.2097517852087       -49.0947819354423       -48.9795451910322     
  -48.8640413996370       -48.7482704128983       -48.6322320864730     
  -48.5159262800656       -48.3993528574611       -48.2825116865571     
  -48.1654026393965       -48.0480255922002       -47.9303804253997     
  -47.8124670236697       -47.6942852759611       -47.5758350755335     
  -47.4571163199886       -47.3381289113023       -47.2188727558583     
  -47.0993477644804       -46.9795538524662       -46.8594909396195     
  -46.7391589502837       -46.6185578133746       -46.4976874624135     
  -46.3765478355605       -46.2551388756475       -46.1334605302109     
  -46.0115127515256       -45.8892954966372       -45.7668087273956     
  -45.6440524104883       -45.5210265174730       -45.3977310248111     
  -45.2741659139008       -45.1503311711100       -45.0262267878097     
  -44.9018527604066       -44.7772090903767       -44.6522957842979     
  -44.5271128538832       -44.4016603160136       -44.2759381927712     
  -44.1499465114718       -44.0236853046981       -43.8971546103322     
  -43.7703544715885       -43.6432849370468       -43.5159460606843     
  -43.3883379019085       -43.2604605255902       -43.1323140020952     
  -43.0038984073173       -42.8752138227105       -42.7462603353213     
  -42.6170380378208       -42.4875470285370       -42.3577874114867     
  -42.2277592964075       -42.0974627987898       -41.9668980399084     
  -41.8360651468541       -41.7049642525654       -41.5735954958601     
  -41.4419590214664       -41.3100549800542       -41.1778835282662     
  -41.0454448287489       -40.9127390501837       -40.7797663673172     
  -40.6465269609921       -40.5130210181777       -40.3792487319998     
  -40.2452103017715       -40.1109059330228       -39.9763358375303     
  -39.8415002333475       -39.7063993448339       -39.5710334026843     
  -39.4354026439585       -39.2995073121095       -39.1633476570133     
  -39.0269239349970       -38.8902364088671       -38.7532853479382     
  -38.6160710280610       -38.4785937316499       -38.3408537477109     
  -38.2028513718691       -38.0645869063956       -37.9260606602349     
  -37.7872729490316       -37.6482240951566       -37.5089144277340     
  -37.3693442826668       -37.2295140026627       -37.0894239372600     
  -36.9490744428527       -36.8084658827158       -36.6675986270297     
  -36.5264730529053       -36.3850895444077       -36.2434484925808     
  -36.1015502954707       -35.9593953581490       -35.8169840927363     
  -35.6743169184249       -35.5313942615011       -35.3882165553680     
  -35.2447842405668       -35.1010977647991       -34.9571575829476     
  -34.8129641570974       -34.6685179565566       -34.5238194578768     
  -34.3788691448726       -34.2336675086417       -34.0882150475842     
  -33.9425122674211       -33.7965596812134       -33.6503578093800     
  -33.5039071797156       -33.3572083274084       -33.2102617950569     
  -33.0630681326870       -32.9156278977680       -32.7679416552287     
  -32.6200099774730       -32.4718334443949       -32.3234126433936     
  -32.1747481693876       -32.0258406248285       -31.8766906197148     
  -31.7272987716049       -31.5776657056299       -31.4277920545055     
  -31.2776784585441       -31.1273255656661       -30.9767340314108     
  -30.8259045189468       -30.6748376990822       -30.5235342502739     
  -30.3719948586370       -30.2202202179531       -30.0682110296788     
  -29.9159680029531       -29.7634918546046       -29.6107833091586     
  -29.4578430988428       -29.3046719635934       -29.1512706510602     
  -28.9976399166113       -28.8437805233376       -28.6896932420561     
  -28.5353788513134       -28.3808381373883       -28.2260718942941     
  -28.0710809237800       -27.9158660353324       -27.7604280461757     
  -27.6047677812716       -27.4488860733196       -27.2927837627552     
  -27.1364616977488       -26.9799207342030       -26.8231617357508     
  -26.6661855737515       -26.5089931272872       -26.3515852831588     
  -26.1939629358804       -26.0361269876744       -25.8780783484650     
  -25.7198179358718       -25.5613466752023       -25.4026654994446     
  -25.2437753492582       -25.0846771729659       -24.9253719265434     
  -24.7658605736097       -24.6061440854162       -24.4462234408350     
  -24.2860996263474       -24.1257736360309       -23.9652464715465     
  -23.8045191421243       -23.6435926645496       -23.4824680631477     
  -23.3211463697681       -23.1596286237686       -22.9979158719981     
  -22.8360091687795       -22.6739095758910       -22.5116181625480     
  -22.3491360053832       -22.1864641884270       -22.0236038030868     
  -21.8605559481256       -21.6973217296402       -21.5339022610387     
  -21.3702986630175       -21.2065120635371       -21.0425435977984     
  -20.8783944082169       -20.7140656443973       -20.5495584631075     
  -20.3848740282511       -20.2200135108402       -20.0549780889671     
  -19.8897689477752       -19.7243872794296       -19.5588342830872     
  -19.3931111648656       -19.2272191378118       -19.0611594218700     
  -18.8949332438492       -18.7285418373895       -18.5619864429284     
  -18.3952683076661       -18.2283886855301       -18.0613488371395     
  -17.8941500297686       -17.7267935373094       -17.5592806402340     
  -17.3916126255564       -17.2237907867930       -17.0558164239235     
  -16.8876908433501       -16.7194153578567       -16.5509912865679     
  -16.3824199549061       -16.2137026945490       -16.0448408433864     
  -15.8758357454761       -15.7066887509992       -15.5374012162148     
  -15.3679745034146       -15.1984099808758       -15.0287090228149     
  -14.8588730093393       -14.6889033263995       -14.5188013657403     
  -14.3485685248510       -14.1782062069161       -14.0077158207640     
  -13.8370987808165       -13.6663565070366       -13.4954904248763     
  -13.3245019652241       -13.1533925643511       -12.9821636638573     
  -12.8108167106171       -12.6393531567238       -12.4677744594347     
  -12.2960820811142       -12.1242774891776       -11.9523621560335     
  -11.7803375590263       -11.6082051803778       -11.4359665071285     
  -11.2636230310778       -11.0911762487249       -10.9186276612081     
  -10.7459787742437       -10.5732310980652       -10.4003861473612     
  -10.2274454412131       -10.0544105030325       -9.88128286049769     
  -9.70806404549037       -9.53475559403111       -9.36135904621497     
  -9.18787594614634       -9.01430784187356       -8.84065628532290     
  -8.66692283223230       -8.49310904208457       -8.31921647804022     
  -8.14524670686991       -7.97120129888642       -7.79708182787634     
  -7.62288987103129       -7.44862700887879       -7.27429482521274     
  -7.09989490702360       -6.92542884442815       -6.75089823059887     
  -6.57630466169313       -6.40164973678184       -6.22693505777795     
  -6.05216222936454       -5.87733285892259       -5.70244855645851     
  -5.52751093453133       -5.35252160817960       -5.17748219484803     
  -5.00239431431386       -4.82725958861293       -4.65207964196555     
  -4.47685610070206       -4.30159059318823       -4.12628474975032     
  -3.95094020260005       -3.77555858575922       -3.60014153498425     
  -3.42469068769039       -3.24920768287591       -3.07369416104591     
  -2.89815176413613       -2.72258213543649       -2.54698691951456     
  -2.37136776213877       -2.19572631020160       -2.02006421164257     
  -1.84438311537113       -1.66868467118945       -1.49297052971509     
  -1.31724234230358       -1.14150176097094      -0.965750438316075     
 -0.789990027443135      -0.614222181883839      -0.438448555519701     
 -0.262670802504248      -8.689057718519787E-002  8.689057718519787E-002
  0.262670802504248       0.438448555519701       0.614222181883839     
  0.789990027443135       0.965750438316075        1.14150176097094     
   1.31724234230358        1.49297052971509        1.66868467118945     
   1.84438311537113        2.02006421164257        2.19572631020160     
   2.37136776213877        2.54698691951456        2.72258213543649     
   2.89815176413613        3.07369416104591        3.24920768287591     
   3.42469068769039        3.60014153498425        3.77555858575922     
   3.95094020260005        4.12628474975032        4.30159059318823     
   4.47685610070206        4.65207964196555        4.82725958861293     
   5.00239431431386        5.17748219484803        5.35252160817960     
   5.52751093453133        5.70244855645851        5.87733285892259     
   6.05216222936454        6.22693505777795        6.40164973678184     
   6.57630466169313        6.75089823059887        6.92542884442815     
   7.09989490702360        7.27429482521274        7.44862700887879     
   7.62288987103129        7.79708182787634        7.97120129888642     
   8.14524670686991        8.31921647804022        8.49310904208457     
   8.66692283223230        8.84065628532290        9.01430784187356     
   9.18787594614634        9.36135904621497        9.53475559403111     
   9.70806404549037        9.88128286049769        10.0544105030325     
   10.2274454412131        10.4003861473612        10.5732310980652     
   10.7459787742437        10.9186276612081        11.0911762487249     
   11.2636230310778        11.4359665071285        11.6082051803778     
   11.7803375590263        11.9523621560335        12.1242774891776     
   12.2960820811142        12.4677744594347        12.6393531567238     
   12.8108167106171        12.9821636638573        13.1533925643511     
   13.3245019652241        13.4954904248763        13.6663565070366     
   13.8370987808165        14.0077158207640        14.1782062069161     
   14.3485685248510        14.5188013657403        14.6889033263995     
   14.8588730093393        15.0287090228149        15.1984099808758     
   15.3679745034146        15.5374012162148        15.7066887509992     
   15.8758357454761        16.0448408433864        16.2137026945490     
   16.3824199549061        16.5509912865679        16.7194153578567     
   16.8876908433501        17.0558164239235        17.2237907867930     
   17.3916126255564        17.5592806402340        17.7267935373094     
   17.8941500297686        18.0613488371395        18.2283886855301     
   18.3952683076661        18.5619864429284        18.7285418373895     
   18.8949332438492        19.0611594218700        19.2272191378118     
   19.3931111648656        19.5588342830872        19.7243872794296     
   19.8897689477752        20.0549780889671        20.2200135108402     
   20.3848740282511        20.5495584631075        20.7140656443973     
   20.8783944082169        21.0425435977984        21.2065120635371     
   21.3702986630175        21.5339022610387        21.6973217296402     
   21.8605559481256        22.0236038030868        22.1864641884270     
   22.3491360053832        22.5116181625480        22.6739095758910     
   22.8360091687795        22.9979158719981        23.1596286237686     
   23.3211463697681        23.4824680631477        23.6435926645496     
   23.8045191421243        23.9652464715465        24.1257736360309     
   24.2860996263474        24.4462234408350        24.6061440854162     
   24.7658605736097        24.9253719265434        25.0846771729659     
   25.2437753492582        25.4026654994446        25.5613466752023     
   25.7198179358718        25.8780783484650        26.0361269876744     
   26.1939629358804        26.3515852831588        26.5089931272872     
   26.6661855737515        26.8231617357508        26.9799207342030     
   27.1364616977488        27.2927837627552        27.4488860733196     
   27.6047677812716        27.7604280461757        27.9158660353324     
   28.0710809237800        28.2260718942941        28.3808381373883     
   28.5353788513134        28.6896932420561        28.8437805233376     
   28.9976399166113        29.1512706510602        29.3046719635934     
   29.4578430988428        29.6107833091586        29.7634918546046     
   29.9159680029531        30.0682110296788        30.2202202179531     
   30.3719948586370        30.5235342502739        30.6748376990822     
   30.8259045189468        30.9767340314108        31.1273255656661     
   31.2776784585441        31.4277920545055        31.5776657056299     
   31.7272987716049        31.8766906197148        32.0258406248285     
   32.1747481693876        32.3234126433936        32.4718334443949     
   32.6200099774730        32.7679416552287        32.9156278977680     
   33.0630681326870        33.2102617950569        33.3572083274084     
   33.5039071797156        33.6503578093800        33.7965596812134     
   33.9425122674211        34.0882150475842        34.2336675086417     
   34.3788691448726        34.5238194578768        34.6685179565566     
   34.8129641570974        34.9571575829476        35.1010977647991     
   35.2447842405668        35.3882165553680        35.5313942615011     
   35.6743169184249        35.8169840927363        35.9593953581490     
   36.1015502954707        36.2434484925808        36.3850895444077     
   36.5264730529053        36.6675986270297        36.8084658827158     
   36.9490744428527        37.0894239372600        37.2295140026627     
   37.3693442826668        37.5089144277340        37.6482240951566     
   37.7872729490316        37.9260606602349        38.0645869063956     
   38.2028513718691        38.3408537477109        38.4785937316499     
   38.6160710280610        38.7532853479382        38.8902364088671     
   39.0269239349970        39.1633476570133        39.2995073121095     
   39.4354026439585        39.5710334026843        39.7063993448339     
   39.8415002333475        39.9763358375303        40.1109059330228     
   40.2452103017715        40.3792487319998        40.5130210181777     
   40.6465269609921        40.7797663673172        40.9127390501837     
   41.0454448287489        41.1778835282662        41.3100549800542     
   41.4419590214664        41.5735954958601        41.7049642525654     
   41.8360651468541        41.9668980399084        42.0974627987898     
   42.2277592964075        42.3577874114867        42.4875470285370     
   42.6170380378208        42.7462603353213        42.8752138227105     
   43.0038984073173        43.1323140020952        43.2604605255902     
   43.3883379019085        43.5159460606843        43.6432849370468     
   43.7703544715885        43.8971546103322        44.0236853046981     
   44.1499465114718        44.2759381927712        44.4016603160136     
   44.5271128538832        44.6522957842979        44.7772090903767     
   44.9018527604066        45.0262267878097        45.1503311711100     
   45.2741659139008        45.3977310248111        45.5210265174730     
   45.6440524104883        45.7668087273956        45.8892954966372     
   46.0115127515256        46.1334605302109        46.2551388756475     
   46.3765478355605        46.4976874624135        46.6185578133746     
   46.7391589502837        46.8594909396195        46.9795538524662     
   47.0993477644804        47.2188727558583        47.3381289113023     
   47.4571163199886        47.5758350755335        47.6942852759611     
   47.8124670236697        47.9303804253997        48.0480255922002     
   48.1654026393965        48.2825116865571        48.3993528574611     
   48.5159262800656        48.6322320864730        48.7482704128983     
   48.8640413996370        48.9795451910322        49.0947819354423     
   49.2097517852087        49.3244548966238        49.4388914298980     
   49.5530615491286        49.6669654222667        49.7806032210857     
   49.8939751211496        50.0070813017804        50.1199219460269     
   50.2324972406327        50.3448073760046        50.4568525461809     
   50.5686329488004        50.6801487850703        50.7914002597354     
   50.9023875810466        51.0131109607298        51.1235706139549     
   51.2337667593049        51.3436996187447        51.4533694175908     
   51.5627763844802        51.6719207513399        51.7808027533566     
   51.8894226289462        51.9977806197232        52.1058769704711     
   52.2137119291119        52.3212857466762        52.4285986772732     
   52.5356509780613        52.6424429092180        52.7489747339107     
   52.8552467182669        52.9612591313453        53.0670122451061     
   53.1725063343823        53.2777416768505        53.3827185530019     
   53.4874372461138        53.5918980422211        53.6961012300870     
   53.8000471011755        53.9037359496226        54.0071680722082     
   54.1103437683282        54.2132633399664        54.3159270916668     
   54.4183353305057        54.5204883660647        54.6223865104027     
   54.7240300780287        54.8254193858749        54.9265547532694     
   55.0274365019093        55.1280649558341        55.2284404413987     
   55.3285632872471        55.4284338242860        55.5280523856585     
   55.6274193067178        55.7265349250013        55.8253995802047     
   55.9240136141564        56.0223773707917        56.1204911961272     
   56.2183554382358        56.3159704472211        56.4133365751927     
   56.5104541762409        56.6073236064121        56.7039452236840     
   56.8003193879410        56.8964464609502        56.9923268063365     
   57.0879607895588        57.1833487778862        57.2784911403737     
   57.3733882478387        57.4680404728374        57.5624481896412     
   57.6566117742137        57.7505316041871        57.8442080588395     
   57.9376415190718        58.0308323673848        58.1237809878570     
   58.2164877661217        58.3089530893448        58.4011773462024     
   58.4931609268590        58.5849042229454        58.6764076275368     
   58.7676715351313        58.8586963416282        58.9494824443066     
   59.0400302418043        59.1303401340966        59.2204125224751     
   59.3102478095271        59.3998463991149        59.4892086963549     
   59.5783351075974        59.6672260404064        59.7558819035391     
   59.8443031069260        59.9324900616512        60.0204431799322     
   60.1081628751008        60.1956495615829        60.2829036548799     
   60.3699255715490        60.4567157291841        60.5432745463970     
   60.6296024427985        60.7156998389798        60.8015671564935     
   60.8872048178360        60.9726132464283        61.0577928665983     
   61.1427441035629        61.2274673834097        61.3119631330794     
   61.3962317803482        61.4802737538103        61.5640894828604     
   61.6476793976764        61.7310439292026        61.8141835091323     
   61.8970985698912        61.9797895446204        62.0622568671603     
   62.1445009720333        62.2265222944283        62.3083212701838     
   62.3898983357723        62.4712539282837        62.5523884854102     
   62.6333024454301        62.7139962471920        62.7944703300999     
   62.8747251340975        62.9547610996527        63.0345786677432     
   63.1141782798406        63.1935603778965        63.2730019548239     
   63.3557105933574        63.4448583666116        63.5409465820276     
   63.6445155754507        63.7561477496173        63.8764708491982     
   64.0061614908152        64.1459489678800        64.2966193516526     
   64.4590199115801        64.6340638797734        64.8227355864136     
   65.0260959949667        65.2452886683321        65.4815461994755     
   65.7361971427072        66.0106734845828        66.3065186964376     
   66.6253964138369        66.9690997917496        67.3395615880522     
   67.7388650320660        68.1692555392454        68.6331533378925     
   69.1331670789017        69.6721085050673        70.2530082624443     
   70.8791329426745        71.5540034521123        72.2814148110471     
   73.0654574943585        73.9105404336107        74.8214158099347     
   75.8032057771152        76.8614312651576        78.0020430263051     
   79.2314550980882        80.5565808715815        81.9848719676901     
   83.5243601400807        85.1837024403918        86.9722298997006     
   88.9000000000000     
