  -88.9000000000000       -86.9812987945053       -85.2185856840333     
  -83.5991790245013       -82.1114281742031       -80.7446296745585     
  -79.4889502452666       -78.3353560398613       -77.2755476527038     
  -76.3019004098287       -75.4074095140729       -74.5856396498380     
  -73.8306786849262       -73.1370951363602       -72.4998990941814     
  -71.9145063220953       -71.3767052766920       -70.8826268079636     
  -70.4287163231339       -70.0117082135341       -69.6286023605438     
  -69.2766425515695       -68.9532966507791       -68.6562383819312     
  -68.3833305922385       -68.1326098768589       -67.9022724533972     
  -67.6906611847924       -67.4962536572289       -67.3176512272991     
  -67.1535689596182       -67.0028263824996       -66.8643389951813     
  -66.7371104655061       -66.6202254619203       -66.5128430682217     
  -66.4141907336819       -66.3235587150154       -66.2402949702100     
  -66.1638004674832       -66.0935248756145       -66.0289626046478     
  -65.9696491684813       -65.9151578431730       -65.8650965969233     
  -65.8191052696452       -65.7768529818325       -65.7380357540840     
  -65.7023743201575       -65.6696121178196       -65.6395134430371     
  -65.6118617542306       -65.5864581143901       -65.5631197598447     
  -65.5416787853895       -65.5219809363106       -65.5034386161876     
  -65.4852108314131       -65.4669703219503       -65.4487170807661     
  -65.4304511008278       -65.4121723751028       -65.3938808965590     
  -65.3755766581644       -65.3572596528874       -65.3389298736966     
  -65.3205873135611       -65.3022319654503       -65.2838638223338     
  -65.2654828771816       -65.2470891229643       -65.2286825526525     
  -65.2102631592174       -65.1918309356308       -65.1733858748645     
  -65.1549279698910       -65.1364572136831       -65.1179735992143     
  -65.0994771194582       -65.0809677673891       -65.0624455359817     
  -65.0439104182112       -65.0253624070534       -65.0068014954845     
  -64.9882276764813       -64.9696409430211       -64.9510412880817     
  -64.9324287046416       -64.9138031856798       -64.8951647241758     
  -64.8765133131098       -64.8578489454627       -64.8391716142159     
  -64.8204813123513       -64.8017780328517       -64.7830617687005     
  -64.7643325128816       -64.7455902583798       -64.7268349981805     
  -64.7080667252696       -64.6892854326342       -64.6704911132617     
  -64.6516837601404       -64.6328633662593       -64.6140299246083     
  -64.5951834281778       -64.5763238699594       -64.5574512429451     
  -64.5385655401280       -64.5196667545019       -64.5007548790613     
  -64.4818299068019       -64.4628918307199       -64.4439406438126     
  -64.4249763390781       -64.4059989095155       -64.3870083481247     
  -64.3680046479066       -64.3489878018628       -64.3299578029963     
  -64.3109146443107       -64.2918583188107       -64.2727888195019     
  -64.2537061393911       -64.2346102714859       -64.2155012087950     
  -64.1963789443282       -64.1772434710963       -64.1580947821111     
  -64.1389328703856       -64.1197577289338       -64.1005693507708     
  -64.0813677289130       -64.0621528563775       -64.0429247261830     
  -64.0236833313492       -64.0044286648968       -63.9851607198479     
  -63.9658794892256       -63.9465849660544       -63.9272771433600     
  -63.9079560141691       -63.8886215715099       -63.8692738084117     
  -63.8499127179052       -63.8305382930222       -63.8111505267961     
  -63.7917494122613       -63.7723349424537       -63.7529071104104     
  -63.7334659091700       -63.7140113317725       -63.6945433712590     
  -63.6750620206723       -63.6555672730564       -63.6360591214569     
  -63.6165375589206       -63.5970025784960       -63.5774541732328     
  -63.5578923361824       -63.5383170603975       -63.5187283389325     
  -63.4991261648432       -63.4795105311868       -63.4598814310223     
  -63.4402388574100       -63.4205828034121       -63.4009132620919     
  -63.3812302265148       -63.3615336897475       -63.3418236448585     
  -63.3221000849177       -63.3023630029968       -63.2826123921693     
  -63.2628482455102       -63.2430705560961       -63.2232793170057     
  -63.2034745213190       -63.1836561621179       -63.1638242324861     
  -63.1439787255090       -63.1241196342739       -63.1042469518697     
  -63.0843606713872       -63.0644607859191       -63.0445472885598     
  -63.0246201724056       -63.0046794305548       -62.9847250561074     
  -62.9647570421653       -62.9447753818324       -62.9247800682145     
  -62.9047710944193       -62.8847484535566       -62.8647121387379     
  -62.8446621430768       -62.8245984596891       -62.8045210816924     
  -62.7844300022062       -62.7643252143524       -62.7442067112547     
  -62.7240744860389       -62.7039285318329       -62.6837688417668     
  -62.6635954089727       -62.6434082265849       -62.6232072877397     
  -62.6029925855758       -62.5827641132339       -62.5625218638569     
  -62.5422658305900       -62.5219960065805       -62.5017123849781     
  -62.4814149589346       -62.4611037216042       -62.4407786661431     
  -62.4204397857102       -62.4000870734664       -62.3797205225752     
  -62.3593401262020       -62.3389458775151       -62.3185377696848     
  -62.2981157958840       -62.2776799492878       -62.2572302230739     
  -62.2367666104223       -62.2162891045156       -62.1957976985387     
  -62.1752923856792       -62.1547731591270       -62.1342400120746     
  -62.1136929377170       -62.0931319292517       -62.0725569798790     
  -62.0519680828014       -62.0313652312244       -62.0107484183557     
  -61.9901176374060       -61.9694728815884       -61.9488141441187     
  -61.9281414182155       -61.9074546970999       -61.8867539739958     
  -61.8660392421299       -61.8453104947316       -61.8245677250329     
  -61.8038109262687       -61.7830400916767       -61.7622552144974     
  -61.7414562879740       -61.7206433053528       -61.6998162598827     
  -61.6789751448155       -61.6581199534060       -61.6372506789118     
  -61.6163673145935       -61.5954698537146       -61.5745582895415     
  -61.5536326153436       -61.5326928243933       -61.5117389099661     
  -61.4907708653402       -61.4697886837973       -61.4487923586217     
  -61.4277818831011       -61.4067572505261       -61.3857184541905     
  -61.3646654873911       -61.3435983434279       -61.3225170156041     
  -61.3014214972261       -61.2803117816033       -61.2591878620484     
  -61.2380497318775       -61.2168973844097       -61.1957308129674     
  -61.1745500108763       -61.1533549714654       -61.1321456880670     
  -61.1109221540168       -61.0896843626537       -61.0684323073201     
  -61.0471659813616       -61.0258853781273       -61.0045904909697     
  -60.9832813132448       -60.9619578383119       -60.9406200595340     
  -60.9192679702772       -60.8979015639114       -60.8765208338099     
  -60.8551257733497       -60.8337163759111       -60.8122926348782     
  -60.7908545436384       -60.7694020955830       -60.7479352841067     
  -60.7264541026081       -60.7049585444891       -60.6834486031557     
  -60.6619242720171       -60.6403855444867       -60.6188324139814     
  -60.5972648739216       -60.5756829177320       -60.5540865388407     
  -60.5324757306797       -60.5108504866849       -60.4892108002958     
  -60.4675566649561       -60.4458880741131       -60.4242050212180     
  -60.4025074997262       -60.3807955030967       -60.3590690247927     
  -60.3373280582811       -60.3155725970330       -60.2938026345233     
  -60.2720181642313       -60.2502191796400       -60.2284056742364     
  -60.2065776415119       -60.1847350749618       -60.1628779680856     
  -60.1410063143867       -60.1191201073730       -60.0972193405563     
  -60.0753040074527       -60.0533741015826       -60.0314296164704     
  -60.0094705456449       -59.9874968826393       -59.9655086209907     
  -59.9435057542409       -59.9214882759357       -59.8994561796255     
  -59.8774094588650       -59.8553481072131       -59.8332721182333     
  -59.8111814854935       -59.7890762025660       -59.7669562630274     
  -59.7448216604590       -59.7226723884466       -59.7005084405804     
  -59.6783298104551       -59.6561364916701       -59.6339284778292     
  -59.6117057625410       -59.5894683394186       -59.5672162020796     
  -59.5449493441465       -59.5226677592464       -59.5003714410109     
  -59.4780603830766       -59.4557345790846       -59.4333940226809     
  -59.4110387075162       -59.3886686272459       -59.3662837755304     
  -59.3438841460349       -59.3214697324292       -59.2990405283884     
  -59.2765965275920       -59.2541377237248       -59.2316641104764     
  -59.2091756815412       -59.1866724306189       -59.1641543514138     
  -59.1416214376356       -59.1190736829986       -59.0965110812226     
  -59.0739336260322       -59.0513413111571       -59.0287341303321     
  -59.0061120772974       -58.9834751457979       -58.9608233295841     
  -58.9381566224114       -58.9154750180407       -58.8927785102377     
  -58.8700670927738       -58.8473407594254       -58.8245995039744     
  -58.8018433202077       -58.7790722019180       -58.7562861429029     
  -58.7334851369657       -58.7106691779149       -58.6878382595645     
  -58.6649923757341       -58.6421315202484       -58.6192556869379     
  -58.5963648696384       -58.5734590621915       -58.5505382584440     
  -58.5276024522486       -58.5046516374632       -58.4816858079518     
  -58.4587049575835       -58.4357090802336       -58.4126981697826     
  -58.3896722201169       -58.3666312251287       -58.3435751787158     
  -58.3205040747818       -58.2974179072361       -58.2743166699940     
  -58.2512003569763       -58.2280689621100       -58.2049224793277     
  -58.1817609025682       -58.1585842257759       -58.1353924429013     
  -58.1121855479009       -58.0889635347369       -58.0657263973778     
  -58.0424741297980       -58.0192067259779       -57.9959241799041     
  -57.9726264855691       -57.9493136369716       -57.9259856281165     
  -57.9026424530147       -57.8792841056835       -57.8559105801460     
  -57.8325218704320       -57.8091179705772       -57.7856988746236     
  -57.7622645766197       -57.7388150706200       -57.7153503506856     
  -57.6918704108837       -57.6683752452881       -57.6448648479790     
  -57.6213392130427       -57.5977983345723       -57.5742422066671     
  -57.5506708234331       -57.5270841789827       -57.5034822674349     
  -57.4798650829150       -57.4562326195552       -57.4325848714942     
  -57.4089218328772       -57.3852434978562       -57.3615498605897     
  -57.3378409152431       -57.3141166559883       -57.2903770770041     
  -57.2666221724759       -57.2428519365960       -57.2190663635636     
  -57.1952654475844       -57.1714491828713       -57.1476175636439     
  -57.1237705841286       -57.0999082385589       -57.0760305211753     
  -57.0521374262249       -57.0282289479622       -57.0043050806485     
  -56.9803658185522       -56.9564111559487       -56.9324410871206     
  -56.9084556063573       -56.8844547079558       -56.8604383862199     
  -56.8364066354606       -56.8123594499964       -56.7882968241525     
  -56.7642187522619       -56.7401252286645       -56.7160162477076     
  -56.6918918037459       -56.6677518911413       -56.6435965042632     
  -56.6194256374882       -56.5952392852005       -56.5710374417917     
  -56.5468201016609       -56.5225872592144       -56.4983389088664     
  -56.4740750450384       -56.4497956621595       -56.4255007546664     
  -56.4011903170035       -56.3768643436225       -56.3525228289831     
  -56.3281657675526       -56.3037931538059       -56.2794049822257     
  -56.2550012473024       -56.2305819435342       -56.2061470654271     
  -56.1816966074950       -56.1572305642595       -56.1327489302502     
  -56.1082517000044       -56.0837388680677       -56.0592104289932     
  -56.0346663773422       -56.0101067076841       -55.9855314145960     
  -55.9609404926634       -55.9363339364796       -55.9117117406462     
  -55.8870738997727       -55.8624204084769       -55.8377512613848     
  -55.8130664531303       -55.7883659783560       -55.7636498317123     
  -55.7389180078581       -55.7141705014605       -55.6894073071951     
  -55.6646284197455       -55.6398338338039       -55.6150235440710     
  -55.5901975452556       -55.5653558320753       -55.5404983992559     
  -55.5156252415317       -55.4907363536457       -55.4658317303493     
  -55.4409113664026       -55.4159752565741       -55.3910233956411     
  -55.3660557783894       -55.3410723996137       -55.3160732541171     
  -55.2910583367116       -55.2660276422180       -55.2409811654657     
  -55.2159189012931       -55.1908408445471       -55.1657469900839     
  -55.1406373327683       -55.1155118674739       -55.0903705890836     
  -55.0652134924888       -55.0400405725903       -55.0148518242976     
  -54.9896472425294       -54.9644268222134       -54.9391905582865     
  -54.9139384456943       -54.8886704793922       -54.8633866543441     
  -54.8380869655236       -54.8127714079132       -54.7874399765048     
  -54.7620926662994       -54.7367294723076       -54.7113503895489     
  -54.6859554130526       -54.6605445378569       -54.6351177590098     
  -54.6096750715685       -54.5842164705998       -54.5587419511798     
  -54.5332515083943       -54.5077451373384       -54.4822228331170     
  -54.4566845908445       -54.4311304056447       -54.4055602726514     
  -54.3799741870079       -54.3543721438670       -54.3287541383915     
  -54.3031201657539       -54.2774702211363       -54.2518042997308     
  -54.2261223967392       -54.2004245073731       -54.1747106268542     
  -54.1489807504139       -54.1232348732936       -54.0974729907447     
  -54.0716950980285       -54.0459011904164       -54.0200912631898     
  -53.9942653116402       -53.9684233310691       -53.9425653167882     
  -53.9166912641195       -53.8908011683948       -53.8648950249564     
  -53.8389728291568       -53.8130345763587       -53.7870802619351     
  -53.7611098812693       -53.7351234297549       -53.7091209027961     
  -53.6831022958071       -53.6570676042130       -53.6310168234488     
  -53.6049499489605       -53.5788669762043       -53.5527679006471     
  -53.5266527177661       -53.5005214230495       -53.4743740119957     
  -53.4482104801140       -53.4220308229244       -53.3958350359574     
  -53.3696231147543       -53.3433950548673       -53.3171508518592     
  -53.2908905013037       -53.2646139987854       -53.2383213398997     
  -53.2120125202527       -53.1856875354619       -53.1593463811553     
  -53.1329890529721       -53.1066155465625       -53.0802258575877     
  -53.0538199817198       -53.0273979146424       -53.0009596520499     
  -52.9745051896478       -52.9480345231531       -52.9215476482937     
  -52.8950445608089       -52.8685252564492       -52.8419897309765     
  -52.8154379801637       -52.7888699997955       -52.7622857856677     
  -52.7356853335876       -52.7090686393737       -52.6824356988564     
  -52.6557865078772       -52.6291210622894       -52.6024393579576     
  -52.5757413907582       -52.5490271565790       -52.5222966513196     
  -52.4955498708911       -52.4687868112166       -52.4420074682307     
  -52.4152118378796       -52.3883999161215       -52.3615716989264     
  -52.3347271822762       -52.3078663621644       -52.2809892345966     
  -52.2540957955903       -52.2271860411749       -52.2002599673919     
  -52.1733175702947       -52.1463588459487       -52.1193837904315     
  -52.0923923998328       -52.0653846702542       -52.0383605978098     
  -52.0113201786256       -51.9842634088400       -51.9571902846035     
  -51.9301008020790       -51.9029949574416       -51.8758727468789     
  -51.8487341665906       -51.8215792127891       -51.7944078816989     
  -51.7672201695572       -51.7400160726136       -51.7127955871302     
  -51.6855587093816       -51.6583054356551       -51.6310357622504     
  -51.6037496854800       -51.5764472016690       -51.5491283071553     
  -51.5217929982892       -51.4944412714340       -51.4670731229658     
  -51.4396885492735       -51.4122875467586       -51.3848701118358     
  -51.3574362409324       -51.3299859304888       -51.3025191769584     
  -51.2750359768074       -51.2475363265153       -51.2200202225742     
  -51.1924876614897       -51.1649386397804       -51.1373731539779     
  -51.1097912006271       -51.0821927762859       -51.0545778775258     
  -51.0269465009312       -50.9992986430999       -50.9716343006432     
  -50.9439534701853       -50.9162561483643       -50.8885423318314     
  -50.8608120172512       -50.8330652013021       -50.8053018806755     
  -50.7775220520768       -50.7497257122246       -50.7219128578514     
  -50.6940834857031       -50.6662375925393       -50.6383751751333     
  -50.6104962302721       -50.5826007547565       -50.5546887454010     
  -50.5267601990339       -50.4988151124975       -50.4708534826476     
  -50.4428753063542       -50.4148805805012       -50.3868693019863     
  -50.3588414677214       -50.3307970746322       -50.3027361196586     
  -50.2746585997546       -50.2465645118881       -50.2184538530413     
  -50.1903266202106       -50.1621828104065       -50.1340224206538     
  -50.1058454479915       -50.0776518894730       -50.0494417421660     
  -50.0212150031524       -49.9929716695287       -49.9647117384056     
  -49.9364352069085       -49.9081420721771       -49.8798323313656     
  -49.8515059816429       -49.8231630201923       -49.7948034442118     
  -49.7664272509141       -49.7380344375263       -49.7096250012904     
  -49.6811989394633       -49.6527562493162       -49.6242969281355     
  -49.5958209732223       -49.5673283818924       -49.5388191514767     
  -49.5102932793209       -49.4817507627856       -49.4531915992466     
  -49.4246157860943       -49.3960233207347       -49.3674142005883     
  -49.3387884230912       -49.3101459856942       -49.2814868858635     
  -49.2528111210806       -49.2241186888420       -49.1954095866595     
  -49.1666838120603       -49.1379413625868       -49.1091822357970     
  -49.0804064292639       -49.0516139405762       -49.0228047673379     
  -48.9939789071687       -48.9651363577035       -48.9362771165930     
  -48.9074011815033       -48.8785085501163       -48.8495992201292     
  -48.8206731892554       -48.7917304552234       -48.7627710157778     
  -48.7337948686790       -48.7048020117030       -48.6757924426416     
  -48.6467661593028       -48.6177231595100       -48.5886634411030     
  -48.5595870019372       -48.5304938398842       -48.5013839528315     
  -48.4722573386826       -48.4431139953573       -48.4139539207913     
  -48.3847771129366       -48.3555835697613       -48.3263732892496     
  -48.2971462694021       -48.2679025082357       -48.2386420037835     
  -48.2093647540948       -48.1800707572357       -48.1507600112882     
  -48.1214325143511       -48.0920882645395       -48.0627272599850     
  -48.0333494988357       -48.0039549792564       -47.9745436994284     
  -47.9451156575495       -47.9156708518344       -47.8862092805143     
  -47.8567309418372       -47.8272358340679       -47.7977239554879     
  -47.7681953043954       -47.7386498791057       -47.7090876779509     
  -47.6795086992799       -47.6499129414586       -47.6203004028700     
  -47.5906710819139       -47.5610249770073       -47.5313620865841     
  -47.5016824090956       -47.4719859430099       -47.4422726868125     
  -47.4125426390060       -47.3827957981103       -47.3530321626624     
  -47.3232517312169       -47.2934545023454       -47.2636404746370     
  -47.2338096466983       -47.2039620171532       -47.1740975846431     
  -47.1442163478269       -47.1143183053809       -47.0844034559991     
  -47.0544717983930       -47.0245233312919       -46.9945580534425     
  -46.9645759636093       -46.9345770605746       -46.9045613431383     
  -46.8745288101181       -46.8444794603496       -46.8144132926861     
  -46.7843303059991       -46.7542304991776       -46.7241138711288     
  -46.6939804207778       -46.6638301470677       -46.6336630489596     
  -46.6034791254328       -46.5732783754846       -46.5430607981305     
  -46.5128263924040       -46.4825751573570       -46.4523070920596     
  -46.4220221956001       -46.3917204670851       -46.3614019056395     
  -46.3310665104068       -46.3007142805485       -46.2703452152449     
  -46.2399593136945       -46.2095565751144       -46.1791369987403     
  -46.1487005838262       -46.1182473296450       -46.0877772354880     
  -46.0572903006653       -46.0267865245055       -45.9962659063562     
  -45.9657284455834       -45.9351741415722       -45.9046029937263     
  -45.8740150014684       -45.8434101642400       -45.8127884815014     
  -45.7821499527322       -45.7514945774305       -45.7208223551138     
  -45.6901332853184       -45.6594273675999       -45.6287046015327     
  -45.5979649867107       -45.5672085227466       -45.5364352092726     
  -45.5056450459400       -45.4748380324193       -45.4440141684005     
  -45.4131734535929       -45.3823158877249       -45.3514414705445     
  -45.3205502018192       -45.2896420813359       -45.2587171089009     
  -45.2277752843401       -45.1968166074990       -45.1658410782426     
  -45.1348486964555       -45.1038394620422       -45.0728133749266     
  -45.0417704350524       -45.0107106423832       -44.9796339969022     
  -44.9485404986125       -44.9174301475370       -44.8863029437186     
  -44.8551588872199       -44.8239979781237       -44.7928202165326     
  -44.7616256025693       -44.7304141363765       -44.6991858181170     
  -44.6679406479736       -44.6366786261494       -44.6053997528676     
  -44.5741040283717       -44.5427914529251       -44.5114620268119     
  -44.4801157503363       -44.4487526238228       -44.4173726476163     
  -44.3859758220822       -44.3545621476060       -44.3231316245942     
  -44.2916842534732       -44.2602200346904       -44.2287389687135     
  -44.1972410560309       -44.1657262971515       -44.1341946926050     
  -44.1026462429417       -44.0710809487327       -44.0394988105696     
  -44.0078998290651       -43.9762840048526       -43.9446513385863     
  -43.9130018309413       -43.8813354826136       -43.8496522943201     
  -43.8179522667988       -43.7862354008086       -43.7545016971296     
  -43.7227511565626       -43.6909837799299       -43.6591995680747     
  -43.6273985218615       -43.5955806421759       -43.5637459299247     
  -43.5318943860361       -43.5000260114595       -43.4681408071657     
  -43.4362387741466       -43.4043199134159       -43.3723842260083     
  -43.3404317129803       -43.3084623754097       -43.2764762143958     
  -43.2444732310595       -43.2124534265432       -43.1804168020112     
  -43.1483633586490       -43.1162930976640       -43.0842060202854     
  -43.0521021277640       -43.0199814213723       -42.9878439024049     
  -42.9556895721778       -42.9235184320292       -42.8913304833190     
  -42.8591257274292       -42.8269041657636       -42.7946657997481     
  -42.7624106308305       -42.7301386604807       -42.6978498901908     
  -42.6655443214748       -42.6332219558690       -42.6008827949319     
  -42.5685268402439       -42.5361540934081       -42.5037645560496     
  -42.4713582298158       -42.4389351163764       -42.4064952174237     
  -42.3740385346721       -42.3415650698586       -42.3090748247426     
  -42.2765678011060       -42.2440440007532       -42.2115034255111     
  -42.1789460772294       -42.1463719577802       -42.1137810690583     
  -42.0811734129810       -42.0485489914887       -42.0159078065442     
  -41.9832498601332       -41.9505751542642       -41.9178836909684     
  -41.8851754723001       -41.8524505003362       -41.8197087771767     
  -41.7869503049446       -41.7541750857857       -41.7213831218689     
  -41.6885744153862       -41.6557489685526       -41.6229067836062     
  -41.5900478628084       -41.5571722084434       -41.5242798228189     
  -41.4913707082658       -41.4584448671382       -41.4255023018134     
  -41.3925430146922       -41.3595670081985       -41.3265742847799     
  -41.2935648469071       -41.2605386970744       -41.2274958377996     
  -41.1944362716238       -41.1613600011118       -41.1282670288521     
  -41.0951573574563       -41.0620309895602       -41.0288879278229     
  -40.9957281749271       -40.9625517335795       -40.9293586065104     
  -40.8961487964739       -40.8629223062477       -40.8296791386337     
  -40.7964192964572       -40.7631427825679       -40.7298495998390     
  -40.6965397511678       -40.6632132394756       -40.6298700677077     
  -40.5965102388335       -40.5631337558462       -40.5297406217633     
  -40.4963308396266       -40.4629044125016       -40.4294613434784     
  -40.3960016356711       -40.3625252922181       -40.3290323162820     
  -40.2955227110499       -40.2619964797329       -40.2284536255668     
  -40.1948941518115       -40.1613180617516       -40.1277253586959     
  -40.0941160459778       -40.0604901269552       -40.0268476050104     
  -39.9931884835505       -39.9595127660070       -39.9258204558361     
  -39.8921115565186       -39.8583860715600       -39.8246440044905     
  -39.7908853588650       -39.7571101382634       -39.7233183462899     
  -39.6895099865740       -39.6556850627699       -39.6218435785565     
  -39.5879855376378       -39.5541109437427       -39.5202198006250     
  -39.4863121120635       -39.4523878818622       -39.4184471138498     
  -39.3844898118803       -39.3505159798328       -39.3165256216116     
  -39.2825187411459       -39.2484953423903       -39.2144554293246     
  -39.1803990059537       -39.1463260763079       -39.1122366444428     
  -39.0781307144393       -39.0440082904036       -39.0098693764673     
  -38.9757139767875       -38.9415420955467       -38.9073537369526     
  -38.8731489052389       -38.8389276046644       -38.8046898395136     
  -38.7704356140966       -38.7361649327490       -38.7018777998320     
  -38.6675742197327       -38.6332541968637       -38.5989177356632     
  -38.5645648405953       -38.5301955161499       -38.4958097668426     
  -38.4614075972147       -38.4269890118336       -38.3925540152924     
  -38.3581026122101       -38.3236348072317       -38.2891506050281     
  -38.2546500102961       -38.2201330277586       -38.1855996621647     
  -38.1510499182891       -38.1164838009329       -38.0819013149234     
  -38.0473024651138       -38.0126872563834       -37.9780556936381     
  -37.9434077818095       -37.9087435258558       -37.8740629307613     
  -37.8393660015367       -37.8046527432188       -37.7699231608710     
  -37.7351772595829       -37.7004150444705       -37.6656365206764     
  -37.6308416933693       -37.5960305677448       -37.5612031490246     
  -37.5263594424571       -37.4914994533172       -37.4566231869065     
  -37.4217306485530       -37.3868218436114       -37.3518967774632     
  -37.3169554555162       -37.2819978832052       -37.2470240659917     
  -37.2120340093638       -37.1770277188365       -37.1420051999514     
  -37.1069664582773       -37.0719114994094       -37.0368403289700     
  -37.0017529526083       -36.9666493760003       -36.9315296048491     
  -36.8963936448846       -36.8612415018638       -36.8260731815707     
  -36.7908886898162       -36.7556880324385       -36.7204712153026     
  -36.6852382443009       -36.6499891253527       -36.6147238644045     
  -36.5794424674302       -36.5441449404306       -36.5088312894338     
  -36.4735015204952       -36.4381556396976       -36.4027936531509     
  -36.3674155669924       -36.3320213873866       -36.2966111205256     
  -36.2611847726287       -36.2257423499428       -36.1902838587420     
  -36.1548093053280       -36.1193186960300       -36.0838120372046     
  -36.0482893352360       -36.0127505965360       -35.9771958275437     
  -35.9416250347261       -35.9060382245777       -35.8704354036206     
  -35.8348165784046       -35.7991817555071       -35.7635309415334     
  -35.7278641431163       -35.6921813669164       -35.6564826196222     
  -35.6207679079498       -35.5850372386433       -35.5492906184744     
  -35.5135280542428       -35.4777495527762       -35.4419551209299     
  -35.4061447655873       -35.3703184936598       -35.3344763120866     
  -35.2986182278349       -35.2627442479000       -35.2268543793052     
  -35.1909486291017       -35.1550270043689       -35.1190895122144     
  -35.0831361597736       -35.0471669542103       -35.0111819027162     
  -34.9751810125114       -34.9391642908440       -34.9031317449904     
  -34.8670833822553       -34.8310192099715       -34.7949392355000     
  -34.7588434662304       -34.7227319095803       -34.6866045729957     
  -34.6504614639511       -34.6143025899491       -34.5781279585210     
  -34.5419375772261       -34.5057314536524       -34.4695095954164     
  -34.4332720101629       -34.3970187055652       -34.3607496893251     
  -34.3244649691729       -34.2881645528675       -34.2518484481964     
  -34.2155166629755       -34.1791692050494       -34.1428060822912     
  -34.1064273026029       -34.0700328739148       -34.0336228041861     
  -33.9971971014045       -33.9607557735867       -33.9242988287777     
  -33.8878262750516       -33.8513381205110       -33.8148343732874     
  -33.7783150415410       -33.7417801334610       -33.7052296572652     
  -33.6686636212003       -33.6320820335419       -33.5954849025944     
  -33.5588722366912       -33.5222440441946       -33.4856003334955     
  -33.4489411130143       -33.4122663911999       -33.3755761765303     
  -33.3388704775126       -33.3021493026829       -33.2654126606061     
  -33.2286605598763       -33.1918930091166       -33.1551100169794     
  -33.1183115921458       -33.0814977433262       -33.0446684792602     
  -33.0078238087163       -32.9709637404925       -32.9340882834155     
  -32.8971974463416       -32.8602912381560       -32.8233696677732     
  -32.7864327441371       -32.7494804762205       -32.7125128730258     
  -32.6755299435844       -32.6385316969571       -32.6015181422339     
  -32.5644892885343       -32.5274451450070       -32.4903857208300     
  -32.4533110252107       -32.4162210673858       -32.3791158566216     
  -32.3419954022135       -32.3048597134866       -32.2677087997950     
  -32.2305426705228       -32.1933613350831       -32.1561648029185     
  -32.1189530835014       -32.0817261863333       -32.0444841209455     
  -32.0072268968985       -31.9699545237827       -31.9326670112177     
  -31.8953643688529       -31.8580466063671       -31.8207137334686     
  -31.7833657598957       -31.7460026954158       -31.7086245498261     
  -31.6712313329536       -31.6338230546547       -31.5963997248156     
  -31.5589613533519       -31.5215079502093       -31.4840395253628     
  -31.4465560888172       -31.4090576506071       -31.3715442207967     
  -31.3340158094800       -31.2964724267806       -31.2589140828521     
  -31.2213407878777       -31.1837525520703       -31.1461493856726     
  -31.1085312989573       -31.0708983022266       -31.0332504058126     
  -30.9955876200774       -30.9579099554128       -30.9202174222403     
  -30.8825100310114       -30.8447877922075       -30.8070507163398     
  -30.7692988139492       -30.7315320956069       -30.6937505719135     
  -30.6559542534999       -30.6181431510268       -30.5803172751846     
  -30.5424766366939       -30.5046212463052       -30.4667511147987     
  -30.4288662529849       -30.3909666717041       -30.3530523818265     
  -30.3151233942523       -30.2771797199118       -30.2392213697652     
  -30.2012483548028       -30.1632606860446       -30.1252583745411     
  -30.0872414313723       -30.0492098676487       -30.0111636945105     
  -29.9731029231281       -29.9350275647019       -29.8969376304624     
  -29.8588331316701       -29.8207140796156       -29.7825804856196     
  -29.7444323610328       -29.7062697172360       -29.6680925656402     
  -29.6299009176865       -29.5916947848458       -29.5534741786196     
  -29.5152391105390       -29.4769895921657       -29.4387256350911     
  -29.4004472509371       -29.3621544513554       -29.3238472480281     
  -29.2855256526673       -29.2471896770153       -29.2088393328446     
  -29.1704746319576       -29.1320955861873       -29.0937022073966     
  -29.0552945074784       -29.0168724983561       -28.9784361919832     
  -28.9399856003432       -28.9015207354499       -28.8630416093474     
  -28.8245482341099       -28.7860406218416       -28.7475187846772     
  -28.7089827347815       -28.6704324843493       -28.6318680456060     
  -28.5932894308067       -28.5546966522373       -28.5160897222134     
  -28.4774686530810       -28.4388334572164       -28.4001841470260     
  -28.3615207349464       -28.3228432334446       -28.2841516550176     
  -28.2454460121928       -28.2067263175276       -28.1679925836099     
  -28.1292448230576       -28.0904830485189       -28.0517072726723     
  -28.0129175082265       -27.9741137679202       -27.9352960645227     
  -27.8964644108333       -27.8576188196815       -27.8187593039271     
  -27.7798858764602       -27.7409985502010       -27.7020973381000     
  -27.6631822531378       -27.6242533083254       -27.5853105167039     
  -27.5463538913447       -27.5073834453494       -27.4683991918497     
  -27.4294011440077       -27.3903893150156       -27.3513637180958     
  -27.3123243665011       -27.2732712735142       -27.2342044524482     
  -27.1951239166464       -27.1560296794824       -27.1169217543597     
  -27.0778001547122       -27.0386648940041       -26.9995159857295     
  -26.9603534434130       -26.9211772806091       -26.8819875109027     
  -26.8427841479087       -26.8035672052723       -26.7643366966689     
  -26.7250926358040       -26.6858350364131       -26.6465639122623     
  -26.6072792771473       -26.5679811448943       -26.5286695293597     
  -26.4893444444297       -26.4500059040210       -26.4106539220802     
  -26.3712885125841       -26.3319096895396       -26.2925174669837     
  -26.2531118589836       -26.2136928796365       -26.1742605430698     
  -26.1348148634407       -26.0953558549369       -26.0558835317759     
  -26.0163979082054       -25.9768989985031       -25.9373868169767     
  -25.8978613779640       -25.8583226958330       -25.8187707849815     
  -25.7792056598375       -25.7396273348588       -25.7000358245335     
  -25.6604311433796       -25.6208133059449       -25.5811823268074     
  -25.5415382205751       -25.5018810018859       -25.4622106854076     
  -25.4225272858382       -25.3828308179052       -25.3431212963665     
  -25.3033987360098       -25.2636631516524       -25.2239145581421     
  -25.1841529703560       -25.1443784032015       -25.1045908716158     
  -25.0647903905658       -25.0249769750484       -24.9851506400903     
  -24.9453114007482       -24.9054592721084       -24.8655942692872     
  -24.8257164074305       -24.7858257017143       -24.7459221673441     
  -24.7060058195552       -24.6660766736130       -24.6261347448123     
  -24.5861800484777       -24.5462125999635       -24.5062324146541     
  -24.4662395079630       -24.4262338953338       -24.3862155922397     
  -24.3461846141835       -24.3061409766977       -24.2660846953445     
  -24.2260157857156       -24.1859342634324       -24.1458401441460     
  -24.1057334435367       -24.0656141773150       -24.0254823612203     
  -23.9853380110221       -23.9451811425190       -23.9050117715395     
  -23.8648299139413       -23.8246355856117       -23.7844288024676     
  -23.7442095804551       -23.7039779355500       -23.6637338837574     
  -23.6234774411118       -23.5832086236773       -23.5429274475470     
  -23.5026339288437       -23.4623280837195       -23.4220099283557     
  -23.3816794789631       -23.3413367517816       -23.3009817630806     
  -23.2606145291586       -23.2202350663435       -23.1798433909923     
  -23.1394395194913       -23.0990234682560       -23.0585952537311     
  -23.0181548923904       -22.9777024007370       -22.9372377953029     
  -22.8967610926493       -22.8562723093668       -22.8157714620745     
  -22.7752585674212       -22.7347336420841       -22.6941967027700     
  -22.6536477662143       -22.6130868491817       -22.5725139684655     
  -22.5319291408883       -22.4913323833013       -22.4507237125850     
  -22.4101031456485       -22.3694706994297       -22.3288263908956     
  -22.2881702370419       -22.2475022548932       -22.2068224615026     
  -22.1661308739524       -22.1254275093532       -22.0847123848447     
  -22.0439855175951       -22.0032469248012       -21.9624966236887     
  -21.9217346315118       -21.8809609655534       -21.8401756431247     
  -21.7993786815660       -21.7585700982456       -21.7177499105606     
  -21.6769181359368       -21.6360747918280       -21.5952198957168     
  -21.5543534651142       -21.5134755175595       -21.4725860706206     
  -21.4316851418934       -21.3907727490025       -21.3498489096007     
  -21.3089136413690       -21.2679669620167       -21.2270088892815     
  -21.1860394409292       -21.1450586347537       -21.1040664885773     
  -21.0630630202503       -21.0220482476511       -20.9810221886862     
  -20.9399848612903       -20.8989362834261       -20.8578764730842     
  -20.8168054482832       -20.7757232270699       -20.7346298275187     
  -20.6935252677323       -20.6524095658409       -20.6112827400029     
  -20.5701448084043       -20.5289957892590       -20.4878357008087     
  -20.4466645613228       -20.4054823890984       -20.3642892024605     
  -20.3230850197615       -20.2818698593816       -20.2406437397286     
  -20.1994066792378       -20.1581586963723       -20.1168998096223     
  -20.0756300375060       -20.0343493985687       -19.9930579113834     
  -19.9517555945503       -19.9104424666970       -19.8691185464787     
  -19.8277838525776       -19.7864384037035       -19.7450822185933     
  -19.7037153160111       -19.6623377147483       -19.6209494336235     
  -19.5795504914822       -19.5381409071975       -19.4967206996690     
  -19.4552898878238       -19.4138484906158       -19.3723965270260     
  -19.3309340160623       -19.2894609767595       -19.2479774281794     
  -19.2064833894106       -19.1649788795685       -19.1234639177953     
  -19.0819385232600       -19.0404027151584       -18.9988565127129     
  -18.9572999351726       -18.9157330018132       -18.8741557319371     
  -18.8325681448732       -18.7909702599770       -18.7493620966303     
  -18.7077436742417       -18.6661150122459       -18.6244761301042     
  -18.5828270473042       -18.5411677833599       -18.4994983578116     
  -18.4578187902256       -18.4161291001949       -18.3744293073382     
  -18.3327194313008       -18.2909994917537       -18.2492695083943     
  -18.2075295009460       -18.1657794891580       -18.1240194928058     
  -18.0822495316906       -18.0404696256396       -17.9986797945058     
  -17.9568800581683       -17.9150704365315       -17.8732509495261     
  -17.8314216171081       -17.7895824592594       -17.7477334959876     
  -17.7058747473257       -17.6640062333325       -17.6221279740921     
  -17.5802399897142       -17.5383423003342       -17.4964349261125     
  -17.4545178872351       -17.4125912039134       -17.3706548963841     
  -17.3287089849089       -17.2867534897751       -17.2447884312949     
  -17.2028138298058       -17.1608297056704       -17.1188360792764     
  -17.0768329710363       -17.0348204013880       -16.9927983907938     
  -16.9507669597415       -16.9087261287434       -16.8666759183367     
  -16.8246163490834       -16.7825474415703       -16.7404692164087     
  -16.6983816942350       -16.6562848957097       -16.6141788415183     
  -16.5720635523706       -16.5299390490009       -16.4878053521681     
  -16.4456624826555       -16.4035104612706       -16.3613493088454     
  -16.3191790462361       -16.2769996943231       -16.2348112740113     
  -16.1926138062293       -16.1504073119302       -16.1081918120910     
  -16.0659673277127       -16.0237338798204       -15.9814914894630     
  -15.9392401777135       -15.8969799656685       -15.8547108744486     
  -15.8124329251981       -15.7701461390851       -15.7278505373012     
  -15.6855461410618       -15.6432329716057       -15.6009110501956     
  -15.5585803981173       -15.5162410366802       -15.4738929872173     
  -15.4315362710845       -15.3891709096615       -15.3467969243511     
  -15.3044143365791       -15.2620231677947       -15.2196234394703     
  -15.1772151731013       -15.1347983902059       -15.0923731123257     
  -15.0499393610250       -15.0074971578910       -14.9650465245338     
  -14.9225874825862       -14.8801200537041       -14.8376442595656     
  -14.7951601218718       -14.7526676623463       -14.7101669027353     
  -14.6676578648075       -14.6251405703540       -14.5826150411885     
  -14.5400812991468       -14.4975393660872       -14.4549892638903     
  -14.4124310144589       -14.3698646397177       -14.3272901616140     
  -14.2847076021168       -14.2421169832173       -14.1995183269285     
  -14.1569116552856       -14.1142969903454       -14.0716743541868     
  -14.0290437689101       -13.9864052566377       -13.9437588395135     
  -13.9011045397029       -13.8584423793932       -13.8157723807929     
  -13.7730945661320       -13.7304089576622       -13.6877155776563     
  -13.6450144484084       -13.6023055922341       -13.5595890314699     
  -13.5168647884737       -13.4741328856244       -13.4313933453220     
  -13.3886461899874       -13.3458914420626       -13.3031291240104     
  -13.2603592583145       -13.2175818674793       -13.1747969740299     
  -13.1320046005123       -13.0892047694930       -13.0463975035591     
  -13.0035828253181       -12.9607607573980       -12.9179313224475     
  -12.8750945431354       -12.8322504421507       -12.7893990422030     
  -12.7465403660218       -12.7036744363568       -12.6608012759779     
  -12.6179209076750       -12.5750333542579       -12.5321386385564     
  -12.4892367834201       -12.4463278117184       -12.4034117463407     
  -12.3604886101958       -12.3175584262123       -12.2746212173383     
  -12.2316770065415       -12.1887258168091       -12.1457676711476     
  -12.1028025925830       -12.0598306041606       -12.0168517289449     
  -11.9738659900196       -11.9308734104875       -11.8878740134706     
  -11.8448678221098       -11.8018548595650       -11.7588351490151     
  -11.7158087136578       -11.6727755767094       -11.6297357614053     
  -11.5866892909993       -11.5436361887640       -11.5005764779903     
  -11.4575101819880       -11.4144373240849       -11.3713579276276     
  -11.3282720159807       -11.2851796125273       -11.2420807406685     
  -11.1989754238238       -11.1558636854307       -11.1127455489445     
  -11.0696210378388       -11.0264901756050       -10.9833529857523     
  -10.9402094918077       -10.8970597173160       -10.8539036858397     
  -10.8107414209588       -10.7675729462709       -10.7243982853911     
  -10.6812174619519       -10.6380304996034       -10.5948374220127     
  -10.5516382528642       -10.5084330158597       -10.4652217347179     
  -10.4220044331748       -10.3787811349831       -10.3355518639128     
  -10.2923166437504       -10.2490754982996       -10.2058284513806     
  -10.1625755268304       -10.1193167485027       -10.0760521402676     
  -10.0327817260118       -9.98950552963849       -9.94622357506725     
  -9.90293588623393       -9.85964248709068       -9.81634340160581     
  -9.77303865376381       -9.72972826756523       -9.68641226702663     
  -9.64309067618050       -9.59976351907525       -9.55643081977508     
  -9.51309260235997       -9.46974889092557       -9.42639970958319     
  -9.38304508245968       -9.33968503369741       -9.29631958745417     
  -9.25294876790315       -9.20957259923283       -9.16619110564694     
  -9.12280431136439       -9.07941224061921       -9.03601491766048     
  -8.99261236675227       -8.94920461217357       -8.90579167821822     
  -8.86237358919487       -8.81895036942688       -8.77552204325228     
  -8.73208863502369       -8.68865016910827       -8.64520666988763     
  -8.60175816175779       -8.55830466912911       -8.51484621642621     
  -8.47138282808791       -8.42791452856716       -8.38444134233099     
  -8.34096329386044       -8.29748040765046       -8.25399270820990     
  -8.21050022006139       -8.16700296774131       -8.12350097579972     
  -8.07999426880025       -8.03648287132011       -7.99296680794994     
  -7.94944610329380       -7.90592078196909       -7.86239086860647     
  -7.81885638784980       -7.77531736435608       -7.73177382279536     
  -7.68822578785070       -7.64467328421809       -7.60111633660638     
  -7.55755496973720       -7.51398920834494       -7.47041907717660     
  -7.42684460099182       -7.38326580456271       -7.33968271267388     
  -7.29609535012229       -7.25250374171723       -7.20890791228024     
  -7.16530788664504       -7.12170368965743       -7.07809534617529     
  -7.03448288106845       -6.99086631921865       -6.94724568551946     
  -6.90362100487621       -6.85999230220593       -6.81635960243727     
  -6.77272293051045       -6.72908231137715       -6.68543777000049     
  -6.64178933135493       -6.59813702042620       -6.55448086221125     
  -6.51082088171815       -6.46715710396605       -6.42348955398509     
  -6.37981825681635       -6.33614323751175       -6.29246452113399     
  -6.24878213275652       -6.20509609746339       -6.16140644034926     
  -6.11771318651927       -6.07401636108902       -6.03031598918445     
  -5.98661209594178       -5.94290470650749       -5.89919384603817     
  -5.85547953970052       -5.81176181267122       -5.76804069013690     
  -5.72431619729405       -5.68058835934897       -5.63685720151765     
  -5.59312274902576       -5.54938502710853       -5.50564406101070     
  -5.46189987598645       -5.41815249729933       -5.37440195022217     
  -5.33064826003701       -5.28689145203507       -5.24313155151662     
  -5.19936858379093       -5.15560257417622       -5.11183354799956     
  -5.06806153059681       -5.02428654731253       -4.98050862349995     
  -4.93672778452084       -4.89294405574549       -4.84915746255260     
  -4.80536803032923       -4.76157578447071       -4.71778075038059     
  -4.67398295347053       -4.63018241916029       -4.58637917287757     
  -4.54257324005802       -4.49876464614511       -4.45495341659010     
  -4.41113957685193       -4.36732315239716       -4.32350416869990     
  -4.27968265124175       -4.23585862551169       -4.19203211700605     
  -4.14820315122839       -4.10437175368947       -4.06053794990716     
  -4.01670176540635       -3.97286322571890       -3.92902235638356     
  -3.88517918294588       -3.84133373095815       -3.79748602597935     
  -3.75363609357501       -3.70978395931722       -3.66592964878449     
  -3.62207318756169       -3.57821460124000       -3.53435391541682     
  -3.49049115569570       -3.44662634768625       -3.40275951700409     
  -3.35889068927075       -3.31501989011362       -3.27114714516587     
  -3.22727248006635       -3.18339592045956       -3.13951749199552     
  -3.09563722032977       -3.05175513112322       -3.00787125004211     
  -2.96398560275794       -2.92009821494739       -2.87620911229223     
  -2.83231832047928       -2.78842586520029       -2.74453177215190     
  -2.70063606703556       -2.65673877555744       -2.61283992342837     
  -2.56893953636374       -2.52503764008346       -2.48113426031188     
  -2.43722942277767       -2.39332315321381       -2.34941547735747     
  -2.30550642094994       -2.26159600973658       -2.21768426946671     
  -2.17377122589356       -2.12985690477419       -2.08594133186941     
  -2.04202453294370       -1.99810653376515       -1.95418736010536     
  -1.91026703773939       -1.86634559244567       -1.82242305000594     
  -1.77849943620515       -1.73457477683139       -1.69064909767586     
  -1.64672242453270       -1.60279478319902       -1.55886619947475     
  -1.51493669916259       -1.47100630806795       -1.42707505199883     
  -1.38314295676579       -1.33921004818187       -1.29527635206247     
  -1.25134189422533       -1.20740670049042       -1.16347079667986     
  -1.11953420861789       -1.07559696213072       -1.03165908304653     
 -0.987720597195345      -0.943781530408979      -0.899841908520950     
 -0.855901757366409      -0.811961102782066      -0.768019970606108     
 -0.724078386678129      -0.680136376839051      -0.636193966931046     
 -0.592251182797467      -0.548308050282763      -0.504364595232412     
 -0.460420843492836      -0.416476820911334      -0.372532553335999     
 -0.328588066615644      -0.284643386599728      -0.240698539138280     
 -0.196753550081817      -0.152808445281277      -0.108863250587936     
 -6.491799185333430E-002 -2.097269492920247E-002  2.097269492920247E-002
  6.491799185333430E-002  0.108863250587936       0.152808445281277     
  0.196753550081817       0.240698539138280       0.284643386599728     
  0.328588066615644       0.372532553335999       0.416476820911334     
  0.460420843492836       0.504364595232412       0.548308050282763     
  0.592251182797467       0.636193966931046       0.680136376839051     
  0.724078386678129       0.768019970606108       0.811961102782066     
  0.855901757366409       0.899841908520950       0.943781530408979     
  0.987720597195345        1.03165908304653        1.07559696213072     
   1.11953420861789        1.16347079667986        1.20740670049042     
   1.25134189422533        1.29527635206247        1.33921004818187     
   1.38314295676579        1.42707505199883        1.47100630806795     
   1.51493669916259        1.55886619947475        1.60279478319902     
   1.64672242453270        1.69064909767586        1.73457477683139     
   1.77849943620515        1.82242305000594        1.86634559244567     
   1.91026703773939        1.95418736010536        1.99810653376515     
   2.04202453294370        2.08594133186941        2.12985690477419     
   2.17377122589356        2.21768426946671        2.26159600973658     
   2.30550642094994        2.34941547735747        2.39332315321381     
   2.43722942277767        2.48113426031188        2.52503764008346     
   2.56893953636374        2.61283992342837        2.65673877555744     
   2.70063606703556        2.74453177215190        2.78842586520029     
   2.83231832047928        2.87620911229223        2.92009821494739     
   2.96398560275794        3.00787125004211        3.05175513112322     
   3.09563722032977        3.13951749199552        3.18339592045956     
   3.22727248006635        3.27114714516587        3.31501989011362     
   3.35889068927075        3.40275951700409        3.44662634768625     
   3.49049115569570        3.53435391541682        3.57821460124000     
   3.62207318756169        3.66592964878449        3.70978395931722     
   3.75363609357501        3.79748602597935        3.84133373095815     
   3.88517918294588        3.92902235638356        3.97286322571890     
   4.01670176540635        4.06053794990716        4.10437175368947     
   4.14820315122839        4.19203211700605        4.23585862551169     
   4.27968265124175        4.32350416869990        4.36732315239716     
   4.41113957685193        4.45495341659010        4.49876464614511     
   4.54257324005802        4.58637917287757        4.63018241916029     
   4.67398295347053        4.71778075038059        4.76157578447071     
   4.80536803032923        4.84915746255260        4.89294405574549     
   4.93672778452084        4.98050862349995        5.02428654731253     
   5.06806153059681        5.11183354799956        5.15560257417622     
   5.19936858379093        5.24313155151662        5.28689145203507     
   5.33064826003701        5.37440195022217        5.41815249729933     
   5.46189987598645        5.50564406101070        5.54938502710853     
   5.59312274902576        5.63685720151765        5.68058835934897     
   5.72431619729405        5.76804069013690        5.81176181267122     
   5.85547953970052        5.89919384603817        5.94290470650749     
   5.98661209594178        6.03031598918445        6.07401636108902     
   6.11771318651927        6.16140644034926        6.20509609746339     
   6.24878213275652        6.29246452113399        6.33614323751175     
   6.37981825681635        6.42348955398509        6.46715710396605     
   6.51082088171815        6.55448086221125        6.59813702042620     
   6.64178933135493        6.68543777000049        6.72908231137715     
   6.77272293051045        6.81635960243727        6.85999230220593     
   6.90362100487621        6.94724568551946        6.99086631921865     
   7.03448288106845        7.07809534617529        7.12170368965743     
   7.16530788664504        7.20890791228024        7.25250374171723     
   7.29609535012229        7.33968271267388        7.38326580456271     
   7.42684460099182        7.47041907717660        7.51398920834494     
   7.55755496973720        7.60111633660638        7.64467328421809     
   7.68822578785070        7.73177382279536        7.77531736435608     
   7.81885638784980        7.86239086860647        7.90592078196909     
   7.94944610329380        7.99296680794994        8.03648287132011     
   8.07999426880025        8.12350097579972        8.16700296774131     
   8.21050022006139        8.25399270820990        8.29748040765046     
   8.34096329386044        8.38444134233099        8.42791452856716     
   8.47138282808791        8.51484621642621        8.55830466912911     
   8.60175816175779        8.64520666988763        8.68865016910827     
   8.73208863502369        8.77552204325228        8.81895036942688     
   8.86237358919487        8.90579167821822        8.94920461217357     
   8.99261236675227        9.03601491766048        9.07941224061921     
   9.12280431136439        9.16619110564694        9.20957259923283     
   9.25294876790315        9.29631958745417        9.33968503369741     
   9.38304508245968        9.42639970958319        9.46974889092557     
   9.51309260235997        9.55643081977508        9.59976351907525     
   9.64309067618050        9.68641226702663        9.72972826756523     
   9.77303865376381        9.81634340160581        9.85964248709068     
   9.90293588623393        9.94622357506725        9.98950552963849     
   10.0327817260118        10.0760521402676        10.1193167485027     
   10.1625755268304        10.2058284513806        10.2490754982996     
   10.2923166437504        10.3355518639128        10.3787811349831     
   10.4220044331748        10.4652217347179        10.5084330158597     
   10.5516382528642        10.5948374220127        10.6380304996034     
   10.6812174619519        10.7243982853911        10.7675729462709     
   10.8107414209588        10.8539036858397        10.8970597173160     
   10.9402094918077        10.9833529857523        11.0264901756050     
   11.0696210378388        11.1127455489445        11.1558636854307     
   11.1989754238238        11.2420807406685        11.2851796125273     
   11.3282720159807        11.3713579276276        11.4144373240849     
   11.4575101819880        11.5005764779903        11.5436361887640     
   11.5866892909993        11.6297357614053        11.6727755767094     
   11.7158087136578        11.7588351490151        11.8018548595650     
   11.8448678221098        11.8878740134706        11.9308734104875     
   11.9738659900196        12.0168517289449        12.0598306041606     
   12.1028025925830        12.1457676711476        12.1887258168091     
   12.2316770065415        12.2746212173383        12.3175584262123     
   12.3604886101958        12.4034117463407        12.4463278117184     
   12.4892367834201        12.5321386385564        12.5750333542579     
   12.6179209076750        12.6608012759779        12.7036744363568     
   12.7465403660218        12.7893990422030        12.8322504421507     
   12.8750945431354        12.9179313224475        12.9607607573980     
   13.0035828253181        13.0463975035591        13.0892047694930     
   13.1320046005123        13.1747969740299        13.2175818674793     
   13.2603592583145        13.3031291240104        13.3458914420626     
   13.3886461899874        13.4313933453220        13.4741328856244     
   13.5168647884737        13.5595890314699        13.6023055922341     
   13.6450144484084        13.6877155776563        13.7304089576622     
   13.7730945661320        13.8157723807929        13.8584423793932     
   13.9011045397029        13.9437588395135        13.9864052566377     
   14.0290437689101        14.0716743541868        14.1142969903454     
   14.1569116552856        14.1995183269285        14.2421169832173     
   14.2847076021168        14.3272901616140        14.3698646397177     
   14.4124310144589        14.4549892638903        14.4975393660872     
   14.5400812991468        14.5826150411885        14.6251405703540     
   14.6676578648075        14.7101669027353        14.7526676623463     
   14.7951601218718        14.8376442595656        14.8801200537041     
   14.9225874825862        14.9650465245338        15.0074971578910     
   15.0499393610250        15.0923731123257        15.1347983902059     
   15.1772151731013        15.2196234394703        15.2620231677947     
   15.3044143365791        15.3467969243511        15.3891709096615     
   15.4315362710845        15.4738929872173        15.5162410366802     
   15.5585803981173        15.6009110501956        15.6432329716057     
   15.6855461410618        15.7278505373012        15.7701461390851     
   15.8124329251981        15.8547108744486        15.8969799656685     
   15.9392401777135        15.9814914894630        16.0237338798204     
   16.0659673277127        16.1081918120910        16.1504073119302     
   16.1926138062293        16.2348112740113        16.2769996943231     
   16.3191790462361        16.3613493088454        16.4035104612706     
   16.4456624826555        16.4878053521681        16.5299390490009     
   16.5720635523706        16.6141788415183        16.6562848957097     
   16.6983816942350        16.7404692164087        16.7825474415703     
   16.8246163490834        16.8666759183367        16.9087261287434     
   16.9507669597415        16.9927983907938        17.0348204013880     
   17.0768329710363        17.1188360792764        17.1608297056704     
   17.2028138298058        17.2447884312949        17.2867534897751     
   17.3287089849089        17.3706548963841        17.4125912039134     
   17.4545178872351        17.4964349261125        17.5383423003342     
   17.5802399897142        17.6221279740921        17.6640062333325     
   17.7058747473257        17.7477334959876        17.7895824592594     
   17.8314216171081        17.8732509495261        17.9150704365315     
   17.9568800581683        17.9986797945058        18.0404696256396     
   18.0822495316906        18.1240194928058        18.1657794891580     
   18.2075295009460        18.2492695083943        18.2909994917537     
   18.3327194313008        18.3744293073382        18.4161291001949     
   18.4578187902256        18.4994983578116        18.5411677833599     
   18.5828270473042        18.6244761301042        18.6661150122459     
   18.7077436742417        18.7493620966303        18.7909702599770     
   18.8325681448732        18.8741557319371        18.9157330018132     
   18.9572999351726        18.9988565127129        19.0404027151584     
   19.0819385232600        19.1234639177953        19.1649788795685     
   19.2064833894106        19.2479774281794        19.2894609767595     
   19.3309340160623        19.3723965270260        19.4138484906158     
   19.4552898878238        19.4967206996690        19.5381409071975     
   19.5795504914822        19.6209494336235        19.6623377147483     
   19.7037153160111        19.7450822185933        19.7864384037035     
   19.8277838525776        19.8691185464787        19.9104424666970     
   19.9517555945503        19.9930579113834        20.0343493985687     
   20.0756300375060        20.1168998096223        20.1581586963723     
   20.1994066792378        20.2406437397286        20.2818698593816     
   20.3230850197615        20.3642892024605        20.4054823890984     
   20.4466645613228        20.4878357008087        20.5289957892590     
   20.5701448084043        20.6112827400029        20.6524095658409     
   20.6935252677323        20.7346298275187        20.7757232270699     
   20.8168054482832        20.8578764730842        20.8989362834261     
   20.9399848612903        20.9810221886862        21.0220482476511     
   21.0630630202503        21.1040664885773        21.1450586347537     
   21.1860394409292        21.2270088892815        21.2679669620167     
   21.3089136413690        21.3498489096007        21.3907727490025     
   21.4316851418934        21.4725860706206        21.5134755175595     
   21.5543534651142        21.5952198957168        21.6360747918280     
   21.6769181359368        21.7177499105606        21.7585700982456     
   21.7993786815660        21.8401756431247        21.8809609655534     
   21.9217346315118        21.9624966236887        22.0032469248012     
   22.0439855175951        22.0847123848447        22.1254275093532     
   22.1661308739524        22.2068224615026        22.2475022548932     
   22.2881702370419        22.3288263908956        22.3694706994297     
   22.4101031456485        22.4507237125850        22.4913323833013     
   22.5319291408883        22.5725139684655        22.6130868491817     
   22.6536477662143        22.6941967027700        22.7347336420841     
   22.7752585674212        22.8157714620745        22.8562723093668     
   22.8967610926493        22.9372377953029        22.9777024007370     
   23.0181548923904        23.0585952537311        23.0990234682560     
   23.1394395194913        23.1798433909923        23.2202350663435     
   23.2606145291586        23.3009817630806        23.3413367517816     
   23.3816794789631        23.4220099283557        23.4623280837195     
   23.5026339288437        23.5429274475470        23.5832086236773     
   23.6234774411118        23.6637338837574        23.7039779355500     
   23.7442095804551        23.7844288024676        23.8246355856117     
   23.8648299139413        23.9050117715395        23.9451811425190     
   23.9853380110221        24.0254823612203        24.0656141773150     
   24.1057334435367        24.1458401441460        24.1859342634324     
   24.2260157857156        24.2660846953445        24.3061409766977     
   24.3461846141835        24.3862155922397        24.4262338953338     
   24.4662395079630        24.5062324146541        24.5462125999635     
   24.5861800484777        24.6261347448123        24.6660766736130     
   24.7060058195552        24.7459221673441        24.7858257017143     
   24.8257164074305        24.8655942692872        24.9054592721084     
   24.9453114007482        24.9851506400903        25.0249769750484     
   25.0647903905658        25.1045908716158        25.1443784032015     
   25.1841529703560        25.2239145581421        25.2636631516524     
   25.3033987360098        25.3431212963665        25.3828308179052     
   25.4225272858382        25.4622106854076        25.5018810018859     
   25.5415382205751        25.5811823268074        25.6208133059449     
   25.6604311433796        25.7000358245335        25.7396273348588     
   25.7792056598375        25.8187707849815        25.8583226958330     
   25.8978613779640        25.9373868169767        25.9768989985031     
   26.0163979082054        26.0558835317759        26.0953558549369     
   26.1348148634407        26.1742605430698        26.2136928796365     
   26.2531118589836        26.2925174669837        26.3319096895396     
   26.3712885125841        26.4106539220802        26.4500059040210     
   26.4893444444297        26.5286695293597        26.5679811448943     
   26.6072792771473        26.6465639122623        26.6858350364131     
   26.7250926358040        26.7643366966689        26.8035672052723     
   26.8427841479087        26.8819875109027        26.9211772806091     
   26.9603534434130        26.9995159857295        27.0386648940041     
   27.0778001547122        27.1169217543597        27.1560296794824     
   27.1951239166464        27.2342044524482        27.2732712735142     
   27.3123243665011        27.3513637180958        27.3903893150156     
   27.4294011440077        27.4683991918497        27.5073834453494     
   27.5463538913447        27.5853105167039        27.6242533083254     
   27.6631822531378        27.7020973381000        27.7409985502010     
   27.7798858764602        27.8187593039271        27.8576188196815     
   27.8964644108333        27.9352960645227        27.9741137679202     
   28.0129175082265        28.0517072726723        28.0904830485189     
   28.1292448230576        28.1679925836099        28.2067263175276     
   28.2454460121928        28.2841516550176        28.3228432334446     
   28.3615207349464        28.4001841470260        28.4388334572164     
   28.4774686530810        28.5160897222134        28.5546966522373     
   28.5932894308067        28.6318680456060        28.6704324843493     
   28.7089827347815        28.7475187846772        28.7860406218416     
   28.8245482341099        28.8630416093474        28.9015207354499     
   28.9399856003432        28.9784361919832        29.0168724983561     
   29.0552945074784        29.0937022073966        29.1320955861873     
   29.1704746319576        29.2088393328446        29.2471896770153     
   29.2855256526673        29.3238472480281        29.3621544513554     
   29.4004472509371        29.4387256350911        29.4769895921657     
   29.5152391105390        29.5534741786196        29.5916947848458     
   29.6299009176865        29.6680925656402        29.7062697172360     
   29.7444323610328        29.7825804856196        29.8207140796156     
   29.8588331316701        29.8969376304624        29.9350275647019     
   29.9731029231281        30.0111636945105        30.0492098676487     
   30.0872414313723        30.1252583745411        30.1632606860446     
   30.2012483548028        30.2392213697652        30.2771797199118     
   30.3151233942523        30.3530523818265        30.3909666717041     
   30.4288662529849        30.4667511147987        30.5046212463052     
   30.5424766366939        30.5803172751846        30.6181431510268     
   30.6559542534999        30.6937505719135        30.7315320956069     
   30.7692988139492        30.8070507163398        30.8447877922075     
   30.8825100310114        30.9202174222403        30.9579099554128     
   30.9955876200774        31.0332504058126        31.0708983022266     
   31.1085312989573        31.1461493856726        31.1837525520703     
   31.2213407878777        31.2589140828521        31.2964724267806     
   31.3340158094800        31.3715442207967        31.4090576506071     
   31.4465560888172        31.4840395253628        31.5215079502093     
   31.5589613533519        31.5963997248156        31.6338230546547     
   31.6712313329536        31.7086245498261        31.7460026954158     
   31.7833657598957        31.8207137334686        31.8580466063671     
   31.8953643688529        31.9326670112177        31.9699545237827     
   32.0072268968985        32.0444841209455        32.0817261863333     
   32.1189530835014        32.1561648029185        32.1933613350831     
   32.2305426705228        32.2677087997950        32.3048597134866     
   32.3419954022135        32.3791158566216        32.4162210673858     
   32.4533110252107        32.4903857208300        32.5274451450070     
   32.5644892885343        32.6015181422339        32.6385316969571     
   32.6755299435844        32.7125128730258        32.7494804762205     
   32.7864327441371        32.8233696677732        32.8602912381560     
   32.8971974463416        32.9340882834155        32.9709637404925     
   33.0078238087163        33.0446684792602        33.0814977433262     
   33.1183115921458        33.1551100169794        33.1918930091166     
   33.2286605598763        33.2654126606061        33.3021493026829     
   33.3388704775126        33.3755761765303        33.4122663911999     
   33.4489411130143        33.4856003334955        33.5222440441946     
   33.5588722366912        33.5954849025944        33.6320820335419     
   33.6686636212003        33.7052296572652        33.7417801334610     
   33.7783150415410        33.8148343732874        33.8513381205110     
   33.8878262750516        33.9242988287777        33.9607557735867     
   33.9971971014045        34.0336228041861        34.0700328739148     
   34.1064273026029        34.1428060822912        34.1791692050494     
   34.2155166629755        34.2518484481964        34.2881645528675     
   34.3244649691729        34.3607496893251        34.3970187055652     
   34.4332720101629        34.4695095954164        34.5057314536524     
   34.5419375772261        34.5781279585210        34.6143025899491     
   34.6504614639511        34.6866045729957        34.7227319095803     
   34.7588434662304        34.7949392355000        34.8310192099715     
   34.8670833822553        34.9031317449904        34.9391642908440     
   34.9751810125114        35.0111819027162        35.0471669542103     
   35.0831361597736        35.1190895122144        35.1550270043689     
   35.1909486291017        35.2268543793052        35.2627442479000     
   35.2986182278349        35.3344763120866        35.3703184936598     
   35.4061447655873        35.4419551209299        35.4777495527762     
   35.5135280542428        35.5492906184744        35.5850372386433     
   35.6207679079498        35.6564826196222        35.6921813669164     
   35.7278641431163        35.7635309415334        35.7991817555071     
   35.8348165784046        35.8704354036206        35.9060382245777     
   35.9416250347261        35.9771958275437        36.0127505965360     
   36.0482893352360        36.0838120372046        36.1193186960300     
   36.1548093053280        36.1902838587420        36.2257423499428     
   36.2611847726287        36.2966111205256        36.3320213873866     
   36.3674155669924        36.4027936531509        36.4381556396976     
   36.4735015204952        36.5088312894338        36.5441449404306     
   36.5794424674302        36.6147238644045        36.6499891253527     
   36.6852382443009        36.7204712153026        36.7556880324385     
   36.7908886898162        36.8260731815707        36.8612415018638     
   36.8963936448846        36.9315296048491        36.9666493760003     
   37.0017529526083        37.0368403289700        37.0719114994094     
   37.1069664582773        37.1420051999514        37.1770277188365     
   37.2120340093638        37.2470240659917        37.2819978832052     
   37.3169554555162        37.3518967774632        37.3868218436114     
   37.4217306485530        37.4566231869065        37.4914994533172     
   37.5263594424571        37.5612031490246        37.5960305677448     
   37.6308416933693        37.6656365206764        37.7004150444705     
   37.7351772595829        37.7699231608710        37.8046527432188     
   37.8393660015367        37.8740629307613        37.9087435258558     
   37.9434077818095        37.9780556936381        38.0126872563834     
   38.0473024651138        38.0819013149234        38.1164838009329     
   38.1510499182891        38.1855996621647        38.2201330277586     
   38.2546500102961        38.2891506050281        38.3236348072317     
   38.3581026122101        38.3925540152924        38.4269890118336     
   38.4614075972147        38.4958097668426        38.5301955161499     
   38.5645648405953        38.5989177356632        38.6332541968637     
   38.6675742197327        38.7018777998320        38.7361649327490     
   38.7704356140966        38.8046898395136        38.8389276046644     
   38.8731489052389        38.9073537369526        38.9415420955467     
   38.9757139767875        39.0098693764673        39.0440082904036     
   39.0781307144393        39.1122366444428        39.1463260763079     
   39.1803990059537        39.2144554293246        39.2484953423903     
   39.2825187411459        39.3165256216116        39.3505159798328     
   39.3844898118803        39.4184471138498        39.4523878818622     
   39.4863121120635        39.5202198006250        39.5541109437427     
   39.5879855376378        39.6218435785565        39.6556850627699     
   39.6895099865740        39.7233183462899        39.7571101382634     
   39.7908853588650        39.8246440044905        39.8583860715600     
   39.8921115565186        39.9258204558361        39.9595127660070     
   39.9931884835505        40.0268476050104        40.0604901269552     
   40.0941160459778        40.1277253586959        40.1613180617516     
   40.1948941518115        40.2284536255668        40.2619964797329     
   40.2955227110499        40.3290323162820        40.3625252922181     
   40.3960016356711        40.4294613434784        40.4629044125016     
   40.4963308396266        40.5297406217633        40.5631337558462     
   40.5965102388335        40.6298700677077        40.6632132394756     
   40.6965397511678        40.7298495998390        40.7631427825679     
   40.7964192964572        40.8296791386337        40.8629223062477     
   40.8961487964739        40.9293586065104        40.9625517335795     
   40.9957281749271        41.0288879278229        41.0620309895602     
   41.0951573574563        41.1282670288521        41.1613600011118     
   41.1944362716238        41.2274958377996        41.2605386970744     
   41.2935648469071        41.3265742847799        41.3595670081985     
   41.3925430146922        41.4255023018134        41.4584448671382     
   41.4913707082658        41.5242798228189        41.5571722084434     
   41.5900478628084        41.6229067836062        41.6557489685526     
   41.6885744153862        41.7213831218689        41.7541750857857     
   41.7869503049446        41.8197087771767        41.8524505003362     
   41.8851754723001        41.9178836909684        41.9505751542642     
   41.9832498601332        42.0159078065442        42.0485489914887     
   42.0811734129810        42.1137810690583        42.1463719577802     
   42.1789460772294        42.2115034255111        42.2440440007532     
   42.2765678011060        42.3090748247426        42.3415650698586     
   42.3740385346721        42.4064952174237        42.4389351163764     
   42.4713582298158        42.5037645560496        42.5361540934081     
   42.5685268402439        42.6008827949319        42.6332219558690     
   42.6655443214748        42.6978498901908        42.7301386604807     
   42.7624106308305        42.7946657997481        42.8269041657636     
   42.8591257274292        42.8913304833190        42.9235184320292     
   42.9556895721778        42.9878439024049        43.0199814213723     
   43.0521021277640        43.0842060202854        43.1162930976640     
   43.1483633586490        43.1804168020112        43.2124534265432     
   43.2444732310595        43.2764762143958        43.3084623754097     
   43.3404317129803        43.3723842260083        43.4043199134159     
   43.4362387741466        43.4681408071657        43.5000260114595     
   43.5318943860361        43.5637459299247        43.5955806421759     
   43.6273985218615        43.6591995680747        43.6909837799299     
   43.7227511565626        43.7545016971296        43.7862354008086     
   43.8179522667988        43.8496522943201        43.8813354826136     
   43.9130018309413        43.9446513385863        43.9762840048526     
   44.0078998290651        44.0394988105696        44.0710809487327     
   44.1026462429417        44.1341946926050        44.1657262971515     
   44.1972410560309        44.2287389687135        44.2602200346904     
   44.2916842534732        44.3231316245942        44.3545621476060     
   44.3859758220822        44.4173726476163        44.4487526238228     
   44.4801157503363        44.5114620268119        44.5427914529251     
   44.5741040283717        44.6053997528676        44.6366786261494     
   44.6679406479736        44.6991858181170        44.7304141363765     
   44.7616256025693        44.7928202165326        44.8239979781237     
   44.8551588872199        44.8863029437186        44.9174301475370     
   44.9485404986125        44.9796339969022        45.0107106423832     
   45.0417704350524        45.0728133749266        45.1038394620422     
   45.1348486964555        45.1658410782426        45.1968166074990     
   45.2277752843401        45.2587171089009        45.2896420813359     
   45.3205502018192        45.3514414705445        45.3823158877249     
   45.4131734535929        45.4440141684005        45.4748380324193     
   45.5056450459400        45.5364352092726        45.5672085227466     
   45.5979649867107        45.6287046015327        45.6594273675999     
   45.6901332853184        45.7208223551138        45.7514945774305     
   45.7821499527322        45.8127884815014        45.8434101642400     
   45.8740150014684        45.9046029937263        45.9351741415722     
   45.9657284455834        45.9962659063562        46.0267865245055     
   46.0572903006653        46.0877772354880        46.1182473296450     
   46.1487005838262        46.1791369987403        46.2095565751144     
   46.2399593136945        46.2703452152449        46.3007142805485     
   46.3310665104068        46.3614019056395        46.3917204670851     
   46.4220221956001        46.4523070920596        46.4825751573570     
   46.5128263924040        46.5430607981305        46.5732783754846     
   46.6034791254328        46.6336630489596        46.6638301470677     
   46.6939804207778        46.7241138711288        46.7542304991776     
   46.7843303059991        46.8144132926861        46.8444794603496     
   46.8745288101181        46.9045613431383        46.9345770605746     
   46.9645759636093        46.9945580534425        47.0245233312919     
   47.0544717983930        47.0844034559991        47.1143183053809     
   47.1442163478269        47.1740975846431        47.2039620171532     
   47.2338096466983        47.2636404746370        47.2934545023454     
   47.3232517312169        47.3530321626624        47.3827957981103     
   47.4125426390060        47.4422726868125        47.4719859430099     
   47.5016824090956        47.5313620865841        47.5610249770073     
   47.5906710819139        47.6203004028700        47.6499129414586     
   47.6795086992799        47.7090876779509        47.7386498791057     
   47.7681953043954        47.7977239554879        47.8272358340679     
   47.8567309418372        47.8862092805143        47.9156708518344     
   47.9451156575495        47.9745436994284        48.0039549792564     
   48.0333494988357        48.0627272599850        48.0920882645395     
   48.1214325143511        48.1507600112882        48.1800707572357     
   48.2093647540948        48.2386420037835        48.2679025082357     
   48.2971462694021        48.3263732892496        48.3555835697613     
   48.3847771129366        48.4139539207913        48.4431139953573     
   48.4722573386826        48.5013839528315        48.5304938398842     
   48.5595870019372        48.5886634411030        48.6177231595100     
   48.6467661593028        48.6757924426416        48.7048020117030     
   48.7337948686790        48.7627710157778        48.7917304552234     
   48.8206731892554        48.8495992201292        48.8785085501163     
   48.9074011815033        48.9362771165930        48.9651363577035     
   48.9939789071687        49.0228047673379        49.0516139405762     
   49.0804064292639        49.1091822357970        49.1379413625868     
   49.1666838120603        49.1954095866595        49.2241186888420     
   49.2528111210806        49.2814868858635        49.3101459856942     
   49.3387884230912        49.3674142005883        49.3960233207347     
   49.4246157860943        49.4531915992466        49.4817507627856     
   49.5102932793209        49.5388191514767        49.5673283818924     
   49.5958209732223        49.6242969281355        49.6527562493162     
   49.6811989394633        49.7096250012904        49.7380344375263     
   49.7664272509141        49.7948034442118        49.8231630201923     
   49.8515059816429        49.8798323313656        49.9081420721771     
   49.9364352069085        49.9647117384056        49.9929716695287     
   50.0212150031524        50.0494417421660        50.0776518894730     
   50.1058454479915        50.1340224206538        50.1621828104065     
   50.1903266202106        50.2184538530413        50.2465645118881     
   50.2746585997546        50.3027361196586        50.3307970746322     
   50.3588414677214        50.3868693019863        50.4148805805012     
   50.4428753063542        50.4708534826476        50.4988151124975     
   50.5267601990339        50.5546887454010        50.5826007547565     
   50.6104962302721        50.6383751751333        50.6662375925393     
   50.6940834857031        50.7219128578514        50.7497257122246     
   50.7775220520768        50.8053018806755        50.8330652013021     
   50.8608120172512        50.8885423318314        50.9162561483643     
   50.9439534701853        50.9716343006432        50.9992986430999     
   51.0269465009312        51.0545778775258        51.0821927762859     
   51.1097912006271        51.1373731539779        51.1649386397804     
   51.1924876614897        51.2200202225742        51.2475363265153     
   51.2750359768074        51.3025191769584        51.3299859304888     
   51.3574362409324        51.3848701118358        51.4122875467586     
   51.4396885492735        51.4670731229658        51.4944412714340     
   51.5217929982892        51.5491283071553        51.5764472016690     
   51.6037496854800        51.6310357622504        51.6583054356551     
   51.6855587093816        51.7127955871302        51.7400160726136     
   51.7672201695572        51.7944078816989        51.8215792127891     
   51.8487341665906        51.8758727468789        51.9029949574416     
   51.9301008020790        51.9571902846035        51.9842634088400     
   52.0113201786256        52.0383605978098        52.0653846702542     
   52.0923923998328        52.1193837904315        52.1463588459487     
   52.1733175702947        52.2002599673919        52.2271860411749     
   52.2540957955903        52.2809892345966        52.3078663621644     
   52.3347271822762        52.3615716989264        52.3883999161215     
   52.4152118378796        52.4420074682307        52.4687868112166     
   52.4955498708911        52.5222966513196        52.5490271565790     
   52.5757413907582        52.6024393579576        52.6291210622894     
   52.6557865078772        52.6824356988564        52.7090686393737     
   52.7356853335876        52.7622857856677        52.7888699997955     
   52.8154379801637        52.8419897309765        52.8685252564492     
   52.8950445608089        52.9215476482937        52.9480345231531     
   52.9745051896478        53.0009596520499        53.0273979146424     
   53.0538199817198        53.0802258575877        53.1066155465625     
   53.1329890529721        53.1593463811553        53.1856875354619     
   53.2120125202527        53.2383213398997        53.2646139987854     
   53.2908905013037        53.3171508518592        53.3433950548673     
   53.3696231147543        53.3958350359574        53.4220308229244     
   53.4482104801140        53.4743740119957        53.5005214230495     
   53.5266527177661        53.5527679006471        53.5788669762043     
   53.6049499489605        53.6310168234488        53.6570676042130     
   53.6831022958071        53.7091209027961        53.7351234297549     
   53.7611098812693        53.7870802619351        53.8130345763587     
   53.8389728291568        53.8648950249564        53.8908011683948     
   53.9166912641195        53.9425653167882        53.9684233310691     
   53.9942653116402        54.0200912631898        54.0459011904164     
   54.0716950980285        54.0974729907447        54.1232348732936     
   54.1489807504139        54.1747106268542        54.2004245073731     
   54.2261223967392        54.2518042997308        54.2774702211363     
   54.3031201657539        54.3287541383915        54.3543721438670     
   54.3799741870079        54.4055602726514        54.4311304056447     
   54.4566845908445        54.4822228331170        54.5077451373384     
   54.5332515083943        54.5587419511798        54.5842164705998     
   54.6096750715685        54.6351177590098        54.6605445378569     
   54.6859554130526        54.7113503895489        54.7367294723076     
   54.7620926662994        54.7874399765048        54.8127714079132     
   54.8380869655236        54.8633866543441        54.8886704793922     
   54.9139384456943        54.9391905582865        54.9644268222134     
   54.9896472425294        55.0148518242976        55.0400405725903     
   55.0652134924888        55.0903705890836        55.1155118674739     
   55.1406373327683        55.1657469900839        55.1908408445471     
   55.2159189012931        55.2409811654657        55.2660276422180     
   55.2910583367116        55.3160732541171        55.3410723996137     
   55.3660557783894        55.3910233956411        55.4159752565741     
   55.4409113664026        55.4658317303493        55.4907363536457     
   55.5156252415317        55.5404983992559        55.5653558320753     
   55.5901975452556        55.6150235440710        55.6398338338039     
   55.6646284197455        55.6894073071951        55.7141705014605     
   55.7389180078581        55.7636498317123        55.7883659783560     
   55.8130664531303        55.8377512613848        55.8624204084769     
   55.8870738997727        55.9117117406462        55.9363339364796     
   55.9609404926634        55.9855314145960        56.0101067076841     
   56.0346663773422        56.0592104289932        56.0837388680677     
   56.1082517000044        56.1327489302502        56.1572305642595     
   56.1816966074950        56.2061470654271        56.2305819435342     
   56.2550012473024        56.2794049822257        56.3037931538059     
   56.3281657675526        56.3525228289831        56.3768643436225     
   56.4011903170035        56.4255007546664        56.4497956621595     
   56.4740750450384        56.4983389088664        56.5225872592144     
   56.5468201016609        56.5710374417917        56.5952392852005     
   56.6194256374882        56.6435965042632        56.6677518911413     
   56.6918918037459        56.7160162477076        56.7401252286645     
   56.7642187522619        56.7882968241525        56.8123594499964     
   56.8364066354606        56.8604383862199        56.8844547079558     
   56.9084556063573        56.9324410871206        56.9564111559487     
   56.9803658185522        57.0043050806485        57.0282289479622     
   57.0521374262249        57.0760305211753        57.0999082385589     
   57.1237705841286        57.1476175636439        57.1714491828713     
   57.1952654475844        57.2190663635636        57.2428519365960     
   57.2666221724759        57.2903770770041        57.3141166559883     
   57.3378409152431        57.3615498605897        57.3852434978562     
   57.4089218328772        57.4325848714942        57.4562326195552     
   57.4798650829150        57.5034822674349        57.5270841789827     
   57.5506708234331        57.5742422066671        57.5977983345723     
   57.6213392130427        57.6448648479790        57.6683752452881     
   57.6918704108837        57.7153503506856        57.7388150706200     
   57.7622645766197        57.7856988746236        57.8091179705772     
   57.8325218704320        57.8559105801460        57.8792841056835     
   57.9026424530147        57.9259856281165        57.9493136369716     
   57.9726264855691        57.9959241799041        58.0192067259779     
   58.0424741297980        58.0657263973778        58.0889635347369     
   58.1121855479009        58.1353924429013        58.1585842257759     
   58.1817609025682        58.2049224793277        58.2280689621100     
   58.2512003569763        58.2743166699940        58.2974179072361     
   58.3205040747818        58.3435751787158        58.3666312251287     
   58.3896722201169        58.4126981697826        58.4357090802336     
   58.4587049575835        58.4816858079518        58.5046516374632     
   58.5276024522486        58.5505382584440        58.5734590621915     
   58.5963648696384        58.6192556869379        58.6421315202484     
   58.6649923757341        58.6878382595645        58.7106691779149     
   58.7334851369657        58.7562861429029        58.7790722019180     
   58.8018433202077        58.8245995039744        58.8473407594254     
   58.8700670927738        58.8927785102377        58.9154750180407     
   58.9381566224114        58.9608233295841        58.9834751457979     
   59.0061120772974        59.0287341303321        59.0513413111571     
   59.0739336260322        59.0965110812226        59.1190736829986     
   59.1416214376356        59.1641543514138        59.1866724306189     
   59.2091756815412        59.2316641104764        59.2541377237248     
   59.2765965275920        59.2990405283884        59.3214697324292     
   59.3438841460349        59.3662837755304        59.3886686272459     
   59.4110387075162        59.4333940226809        59.4557345790846     
   59.4780603830766        59.5003714410109        59.5226677592464     
   59.5449493441465        59.5672162020796        59.5894683394186     
   59.6117057625410        59.6339284778292        59.6561364916701     
   59.6783298104551        59.7005084405804        59.7226723884466     
   59.7448216604590        59.7669562630274        59.7890762025660     
   59.8111814854935        59.8332721182333        59.8553481072131     
   59.8774094588650        59.8994561796255        59.9214882759357     
   59.9435057542409        59.9655086209907        59.9874968826393     
   60.0094705456449        60.0314296164704        60.0533741015826     
   60.0753040074527        60.0972193405563        60.1191201073730     
   60.1410063143867        60.1628779680856        60.1847350749618     
   60.2065776415119        60.2284056742364        60.2502191796400     
   60.2720181642313        60.2938026345233        60.3155725970330     
   60.3373280582811        60.3590690247927        60.3807955030967     
   60.4025074997262        60.4242050212180        60.4458880741131     
   60.4675566649561        60.4892108002958        60.5108504866849     
   60.5324757306797        60.5540865388407        60.5756829177320     
   60.5972648739216        60.6188324139814        60.6403855444867     
   60.6619242720171        60.6834486031557        60.7049585444891     
   60.7264541026081        60.7479352841067        60.7694020955830     
   60.7908545436384        60.8122926348782        60.8337163759111     
   60.8551257733497        60.8765208338099        60.8979015639114     
   60.9192679702772        60.9406200595340        60.9619578383119     
   60.9832813132448        61.0045904909697        61.0258853781273     
   61.0471659813616        61.0684323073201        61.0896843626537     
   61.1109221540168        61.1321456880670        61.1533549714654     
   61.1745500108763        61.1957308129674        61.2168973844097     
   61.2380497318775        61.2591878620484        61.2803117816033     
   61.3014214972261        61.3225170156041        61.3435983434279     
   61.3646654873911        61.3857184541905        61.4067572505261     
   61.4277818831011        61.4487923586217        61.4697886837973     
   61.4907708653402        61.5117389099661        61.5326928243933     
   61.5536326153436        61.5745582895415        61.5954698537146     
   61.6163673145935        61.6372506789118        61.6581199534060     
   61.6789751448155        61.6998162598827        61.7206433053528     
   61.7414562879740        61.7622552144974        61.7830400916767     
   61.8038109262687        61.8245677250329        61.8453104947316     
   61.8660392421299        61.8867539739958        61.9074546970999     
   61.9281414182155        61.9488141441187        61.9694728815884     
   61.9901176374060        62.0107484183557        62.0313652312244     
   62.0519680828014        62.0725569798790        62.0931319292517     
   62.1136929377170        62.1342400120746        62.1547731591270     
   62.1752923856792        62.1957976985387        62.2162891045156     
   62.2367666104223        62.2572302230739        62.2776799492878     
   62.2981157958840        62.3185377696848        62.3389458775151     
   62.3593401262020        62.3797205225752        62.4000870734664     
   62.4204397857102        62.4407786661431        62.4611037216042     
   62.4814149589346        62.5017123849781        62.5219960065805     
   62.5422658305900        62.5625218638569        62.5827641132339     
   62.6029925855758        62.6232072877397        62.6434082265849     
   62.6635954089727        62.6837688417668        62.7039285318329     
   62.7240744860389        62.7442067112547        62.7643252143524     
   62.7844300022062        62.8045210816924        62.8245984596891     
   62.8446621430768        62.8647121387379        62.8847484535566     
   62.9047710944193        62.9247800682145        62.9447753818324     
   62.9647570421653        62.9847250561074        63.0046794305548     
   63.0246201724056        63.0445472885598        63.0644607859191     
   63.0843606713872        63.1042469518697        63.1241196342739     
   63.1439787255090        63.1638242324861        63.1836561621179     
   63.2034745213190        63.2232793170057        63.2430705560961     
   63.2628482455102        63.2826123921693        63.3023630029968     
   63.3221000849177        63.3418236448585        63.3615336897475     
   63.3812302265148        63.4009132620919        63.4205828034121     
   63.4402388574100        63.4598814310223        63.4795105311868     
   63.4991261648432        63.5187283389325        63.5383170603975     
   63.5578923361824        63.5774541732328        63.5970025784960     
   63.6165375589206        63.6360591214569        63.6555672730564     
   63.6750620206723        63.6945433712590        63.7140113317725     
   63.7334659091700        63.7529071104104        63.7723349424537     
   63.7917494122613        63.8111505267961        63.8305382930222     
   63.8499127179052        63.8692738084117        63.8886215715099     
   63.9079560141691        63.9272771433600        63.9465849660544     
   63.9658794892256        63.9851607198479        64.0044286648968     
   64.0236833313492        64.0429247261830        64.0621528563775     
   64.0813677289130        64.1005693507708        64.1197577289338     
   64.1389328703856        64.1580947821111        64.1772434710963     
   64.1963789443282        64.2155012087950        64.2346102714859     
   64.2537061393911        64.2727888195019        64.2918583188107     
   64.3109146443107        64.3299578029963        64.3489878018628     
   64.3680046479066        64.3870083481247        64.4059989095155     
   64.4249763390781        64.4439406438126        64.4628918307199     
   64.4818299068019        64.5007548790613        64.5196667545019     
   64.5385655401280        64.5574512429451        64.5763238699594     
   64.5951834281778        64.6140299246083        64.6328633662593     
   64.6516837601404        64.6704911132617        64.6892854326342     
   64.7080667252696        64.7268349981805        64.7455902583798     
   64.7643325128816        64.7830617687005        64.8017780328517     
   64.8204813123513        64.8391716142159        64.8578489454627     
   64.8765133131098        64.8951647241758        64.9138031856798     
   64.9324287046416        64.9510412880817        64.9696409430211     
   64.9882276764813        65.0068014954845        65.0253624070534     
   65.0439104182112        65.0624455359817        65.0809677673891     
   65.0994771194582        65.1179735992143        65.1364572136831     
   65.1549279698910        65.1733858748645        65.1918309356308     
   65.2102631592174        65.2286825526525        65.2470891229643     
   65.2654828771816        65.2838638223338        65.3022319654503     
   65.3205873135611        65.3389298736966        65.3572596528874     
   65.3755766581644        65.3938808965590        65.4121723751028     
   65.4304511008278        65.4487170807661        65.4669703219503     
   65.4852108314131        65.5034386161876        65.5219809363106     
   65.5416787853895        65.5631197598447        65.5864581143901     
   65.6118617542306        65.6395134430371        65.6696121178196     
   65.7023743201575        65.7380357540840        65.7768529818325     
   65.8191052696452        65.8650965969233        65.9151578431730     
   65.9696491684813        66.0289626046478        66.0935248756145     
   66.1638004674832        66.2402949702100        66.3235587150154     
   66.4141907336819        66.5128430682217        66.6202254619203     
   66.7371104655061        66.8643389951813        67.0028263824996     
   67.1535689596182        67.3176512272991        67.4962536572289     
   67.6906611847924        67.9022724533972        68.1326098768589     
   68.3833305922385        68.6562383819312        68.9532966507791     
   69.2766425515695        69.6286023605438        70.0117082135341     
   70.4287163231339        70.8826268079636        71.3767052766920     
   71.9145063220953        72.4998990941814        73.1370951363602     
   73.8306786849262        74.5856396498380        75.4074095140729     
   76.3019004098287        77.2755476527038        78.3353560398613     
   79.4889502452666        80.7446296745585        82.1114281742031     
   83.5991790245013        85.2185856840333        86.9812987945053     
   88.9000000000000     
