  -88.9000000000000                1   215.957904654592     
  -86.9563788581087                2   203.782444590622     
  -85.1223368567931                3   192.293423062008     
  -83.3916960492350                4   181.452139447963     
  -81.7586267942033                5   171.222075024509     
  -80.2176281189828                6   161.568769951629     
  -78.7635091894181                7   152.459707195733     
  -77.3913718246565                8   143.864202996454     
  -76.0965939976884                9   135.753303508797     
  -74.8748142661092               10   128.099687272491     
  -73.7219170806568               11   120.877573179990     
  -72.6340189220369               12   114.062633633154     
  -71.6074552193385               13   107.631912596048     
  -70.6387680059741               14   101.563748267829     
  -69.7246942715636               15   95.8377001152526     
  -68.8621549705264               16   90.4344800189926     
  -68.0482446503554               17   85.3358873018679     
  -67.2802216646386               18   80.5247474200996     
  -66.5554989378577               19   75.9848541110620     
  -65.8716352508582               20   71.7009148027267     
  -65.2263270176336               21   67.6584991008029     
  -64.6174005257264               22   63.8439901801509     
  -64.0428046141050               23   60.2445389166925     
  -63.5006037638548               24   56.8480206052860     
  -62.9889715784072               25   53.6429941178211     
  -62.5061846313468               26   50.6186633639274     
  -62.0506166610715               27   47.7648409244817     
  -61.6207330927512               28   45.0719137354167     
  -61.2150858691324               29   42.5308107062408     
  -60.8323085727762               30   40.1329721641872     
  -60.4711118232986               31   37.8703210210634     
  -60.1302789341090               32   35.7352355656862     
  -59.8086618140178               33   33.7205237902478     
  -59.5051770999056               34   31.8193991641280     
  -59.2188025074284               35   30.0254577735496     
  -58.9485733874665               36   28.3326567500863     
  -58.6935794767157               37   27.3826183323259     
  -58.4471359117248               38   27.3496394630478     
  -58.2009891565573               39   27.5404692241036     
  -57.9531249335404               40   27.7321114470036     
  -57.7035359305174               41   27.9245572883471     
  -57.4522149149223               42   28.1177975641782     
  -57.1991547368446               43   28.3118227445098     
  -56.9443483321441               44   28.5066229478754     
  -56.6877887256132               45   28.7021879358578     
  -56.4294690341905               46   28.8985071076679     
  -56.1693824702214               47   29.0955694947302     
  -55.9075223447689               48   29.2933637552911     
  -55.6438820709713               49   29.4918781690667     
  -55.3784551674497               50   29.6911006319205     
  -55.1112352617624               51   29.8910186505918     
  -54.8422160939070               52   30.0916193374547     
  -54.5713915198700               53   30.2928894053459     
  -54.2987555152218               54   30.4948151624384     
  -54.0243021787599               55   30.6973825071882     
  -53.7480257361952               56   30.9005769233421     
  -53.4699205438851               57   31.1043834750275     
  -53.1899810926099               58   31.3087868019256     
  -52.9082020113925               59   31.5137711145286     
  -52.6245780713618               60   31.7193201894968     
  -52.3391041896563               61   31.9254173651160     
  -52.0517754333703               62   32.1320455368684     
  -51.7625870235385               63   32.3391871531145     
  -51.4715343391604               64   32.5468242109118     
  -51.1786129212622               65   32.7549382519447     
  -50.8838184769947               66   32.9635103586207     
  -50.5871468837671               67   33.1725211502906     
  -50.2885941934145               68   33.3819507796396     
  -49.9881566363978               69   33.5917789292392     
  -49.6858306260346               70   33.8019848082670     
  -49.3816127627602               71   34.0125471494122     
  -49.0754998384155               72   34.2234442059714     
  -48.7674888405618               73   34.4346537491360     
  -48.4575769568195               74   34.6461530654941     
  -48.1457615792301               75   34.8579189547485     
  -47.8320403086373               76   35.0699277276555     
  -47.5164109590884               77   35.2821552041923     
  -47.1988715622507               78   35.4945767119940     
  -46.8794203718428               79   35.7071670850012     
  -46.5580558680778               80   35.9199006624185     
  -46.2347767621160               81   36.1327512878983     
  -45.9095820005249               82   36.3456923090458     
  -45.5824707697435               83   36.5586965771843     
  -45.2534425005488               84   36.7717364474384     
  -44.9224968725219               85   36.9847837791208     
  -44.5896338185098               86   37.1978099364417     
  -44.2548535290818               87   37.4107857895404     
  -43.9181564569760               88   37.6236817158602     
  -43.5795433215332               89   37.8364676018729     
  -43.2390151131164               90   38.0491128451565     
  -42.8965730975100               91   38.2615863568358     
  -42.5522188202984               92   38.4738565644061     
  -42.2059541112188               93   38.6858914149357     
  -41.8577810884844               94   38.8976583786650     
  -41.5077021630764               95   39.1091244529973     
  -41.1557200429994               96   39.3202561669210     
  -40.8018377374971               97   39.5310195858198     
  -40.4460585612247               98   39.7413803167442     
  -40.0883861383740               99   39.9513035140784     
  -39.7288244067473              100   40.1607538856905     
  -39.3673776217761              101   40.3696956994948     
  -39.0040503604807              102   40.5780927904931     
  -38.6388475253662              103   40.7859085682689     
  -38.2717743482518              104   40.9931060249523     
  -37.9028363940272              105   41.1996477436579     
  -37.5320395643343              106   41.4054959074074     
  -37.1593901011676              107   41.6106123085235     
  -36.7848945903909              108   41.8149583585385     
  -36.4085599651641              109   42.0184950985592     
  -36.0303935092771              110   42.2211832101698     
  -35.6504028603855              111   42.4229830267977     
  -35.2685960131443              112   42.6238545456070     
  -34.8849813222339              113   42.8237574398843     
  -34.4995675052749              114   43.0226510719270     
  -34.1123636456276              115   43.2204945064498     
  -33.7233791950695              116   43.4172465244842     
  -33.3326239763492              117   43.6128656377887     
  -32.9401081856091              118   43.8073101037644     
  -32.5458423946752              119   44.0005379408651     
  -32.1498375532074              120   44.1925069445167     
  -31.7521049907068              121   44.3831747035230     
  -31.3526564183751              122   44.5724986169635     
  -30.9515039308224              123   44.7604359115835     
  -30.5486600076181              124   44.9469436596546     
  -30.1441375146812              125   45.1319787973152     
  -29.7379497055054              126   45.3154981433761     
  -29.3301102222150              127   45.4974584185774     
  -28.9206330964478              128   45.6778162653018     
  -28.5095327500601              129   45.8565282677171     
  -28.0968239956507              130   46.0335509723559     
  -27.6825220368994              131   46.2088409090984     
  -27.2666424687176              132   46.3823546125661     
  -26.8492012772045              133   46.5540486439053     
  -26.4302148394093              134   46.7238796129356     
  -26.0096999228929              135   46.8918042006684     
  -25.5876736850869              136   47.0577791821603     
  -25.1641536724474              137   47.2217614496960     
  -24.7391578194002              138   47.3837080362832     
  -24.3127044470736              139   47.5435761394224     
  -23.8848122618188              140   47.7013231451665     
  -23.4555003535123              141   47.8569066524107     
  -23.0247881936406              142   48.0102844974250     
  -22.5926956331638              143   48.1614147785810     
  -22.1592429001566              144   48.3102558812721     
  -21.7244505972251              145   48.4567665029840     
  -21.2883396986983              146   48.6009056785090     
  -20.8509315475917              147   48.7426328052681     
  -20.4122478523443              148   48.8819076687119     
  -19.9723106833259              149   49.0186904677922     
  -19.5311424691157              150   49.1529418404571     
  -19.0887659925516              151   49.2846228891537     
  -18.6452043865492              152   49.4136952063076     
  -18.2004811296925              153   49.5401208997536     
  -17.7546200415947              154   49.6638626180829     
  -17.3076452780319              155   49.7848835758832     
  -16.8595813258490              156   49.9031475788437     
  -16.4104529976394              157   50.0186190486854     
  -15.9602854262012              158   50.1312630479001     
  -15.5091040587701              159   50.2410453042598     
  -15.0569346510318              160   50.3479322350658     
  -14.6038032609162              161   50.4518909711127     
  -14.1497362421762              162   50.5528893803328     
  -13.6947602377532              163   50.6508960910913     
  -13.2389021729334              164   50.7458805151045     
  -12.7821892482974              165   50.8378128699477     
  -12.3246489324679              166   50.9266642011256     
  -11.8663089546578              167   51.0124064036752     
  -11.4071972970247              168   51.0950122432720     
  -10.9473421868353              169   51.1744553768096     
  -10.4867720884440              170   51.2507103724289     
  -10.0255156950921              171   51.3237527289603     
  -9.56360192053146              172   51.3935588947653     
  -9.10105989047857              173   51.4601062859378     
  -8.63791893390513              174   51.5233733038457     
  -8.17420857417052              175   51.5833393519896     
  -7.70995852000262              176   51.6399848521507     
  -7.24519865633326              177   51.6932912598052     
  -6.77995903499501              178   51.7432410787859     
  -6.31426986528594              179   51.7898178751642     
  -5.84816150440946              180   51.8330062903398     
  -5.38166444779640              181   51.8727920533101     
  -4.91480931931661              182   51.9091619921094     
  -4.44762686138763              183   51.9421040443940     
  -3.98014792498808              184   51.9716072671627     
  -3.51240345958362              185   51.9976618455959     
  -3.04442450297325              186   52.0202591009989     
  -2.57624217106426              187   52.0393914978402     
  -2.10788764758370              188   52.0550526498722     
  -1.63939217373485              189   52.0672373253259     
  -1.17078703780692              190   52.0759414511712     
 -0.702103564746379              191   52.0811621164372     
 -0.233373105698445              192   51.8606901552099     
  0.233373105698445              193   52.0811621164372     
  0.702103564746379              194   52.0759414511712     
   1.17078703780692              195   52.0672373253259     
   1.63939217373485              196   52.0550526498722     
   2.10788764758370              197   52.0393914978402     
   2.57624217106426              198   52.0202591009989     
   3.04442450297325              199   51.9976618455959     
   3.51240345958362              200   51.9716072671627     
   3.98014792498808              201   51.9421040443940     
   4.44762686138763              202   51.9091619921094     
   4.91480931931661              203   51.8727920533101     
   5.38166444779640              204   51.8330062903398     
   5.84816150440946              205   51.7898178751642     
   6.31426986528594              206   51.7432410787859     
   6.77995903499501              207   51.6932912598052     
   7.24519865633326              208   51.6399848521507     
   7.70995852000262              209   51.5833393519896     
   8.17420857417052              210   51.5233733038457     
   8.63791893390513              211   51.4601062859378     
   9.10105989047857              212   51.3935588947653     
   9.56360192053146              213   51.3237527289603     
   10.0255156950921              214   51.2507103724289     
   10.4867720884440              215   51.1744553768096     
   10.9473421868353              216   51.0950122432720     
   11.4071972970247              217   51.0124064036752     
   11.8663089546578              218   50.9266642011256     
   12.3246489324679              219   50.8378128699477     
   12.7821892482974              220   50.7458805151045     
   13.2389021729334              221   50.6508960910913     
   13.6947602377532              222   50.5528893803328     
   14.1497362421762              223   50.4518909711127     
   14.6038032609162              224   50.3479322350658     
   15.0569346510318              225   50.2410453042598     
   15.5091040587701              226   50.1312630479001     
   15.9602854262012              227   50.0186190486854     
   16.4104529976394              228   49.9031475788437     
   16.8595813258490              229   49.7848835758832     
   17.3076452780319              230   49.6638626180829     
   17.7546200415947              231   49.5401208997536     
   18.2004811296925              232   49.4136952063076     
   18.6452043865492              233   49.2846228891537     
   19.0887659925516              234   49.1529418404571     
   19.5311424691157              235   49.0186904677922     
   19.9723106833259              236   48.8819076687119     
   20.4122478523443              237   48.7426328052681     
   20.8509315475917              238   48.6009056785090     
   21.2883396986983              239   48.4567665029840     
   21.7244505972251              240   48.3102558812721     
   22.1592429001566              241   48.1614147785810     
   22.5926956331638              242   48.0102844974250     
   23.0247881936406              243   47.8569066524107     
   23.4555003535123              244   47.7013231451665     
   23.8848122618188              245   47.5435761394224     
   24.3127044470736              246   47.3837080362832     
   24.7391578194002              247   47.2217614496960     
   25.1641536724474              248   47.0577791821603     
   25.5876736850869              249   46.8918042006684     
   26.0096999228929              250   46.7238796129356     
   26.4302148394093              251   46.5540486439053     
   26.8492012772045              252   46.3823546125661     
   27.2666424687176              253   46.2088409090984     
   27.6825220368994              254   46.0335509723559     
   28.0968239956507              255   45.8565282677171     
   28.5095327500601              256   45.6778162653018     
   28.9206330964478              257   45.4974584185774     
   29.3301102222150              258   45.3154981433761     
   29.7379497055054              259   45.1319787973152     
   30.1441375146812              260   44.9469436596546     
   30.5486600076181              261   44.7604359115835     
   30.9515039308224              262   44.5724986169635     
   31.3526564183751              263   44.3831747035230     
   31.7521049907068              264   44.1925069445167     
   32.1498375532074              265   44.0005379408651     
   32.5458423946752              266   43.8073101037644     
   32.9401081856091              267   43.6128656377887     
   33.3326239763492              268   43.4172465244842     
   33.7233791950695              269   43.2204945064498     
   34.1123636456276              270   43.0226510719270     
   34.4995675052749              271   42.8237574398843     
   34.8849813222339              272   42.6238545456070     
   35.2685960131443              273   42.4229830267977     
   35.6504028603855              274   42.2211832101698     
   36.0303935092771              275   42.0184950985592     
   36.4085599651641              276   41.8149583585385     
   36.7848945903909              277   41.6106123085235     
   37.1593901011676              278   41.4054959074074     
   37.5320395643343              279   41.1996477436579     
   37.9028363940272              280   40.9931060249523     
   38.2717743482518              281   40.7859085682689     
   38.6388475253662              282   40.5780927904931     
   39.0040503604807              283   40.3696956994948     
   39.3673776217761              284   40.1607538856905     
   39.7288244067473              285   39.9513035140784     
   40.0883861383740              286   39.7413803167442     
   40.4460585612247              287   39.5310195858198     
   40.8018377374971              288   39.3202561669210     
   41.1557200429994              289   39.1091244529973     
   41.5077021630764              290   38.8976583786650     
   41.8577810884844              291   38.6858914149357     
   42.2059541112188              292   38.4738565644061     
   42.5522188202984              293   38.2615863568358     
   42.8965730975100              294   38.0491128451565     
   43.2390151131164              295   37.8364676018729     
   43.5795433215332              296   37.6236817158602     
   43.9181564569760              297   37.4107857895404     
   44.2548535290818              298   37.1978099364417     
   44.5896338185098              299   36.9847837791208     
   44.9224968725219              300   36.7717364474384     
   45.2534425005488              301   36.5586965771843     
   45.5824707697435              302   36.3456923090458     
   45.9095820005249              303   36.1327512878983     
   46.2347767621160              304   35.9199006624185     
   46.5580558680778              305   35.7071670850012     
   46.8794203718428              306   35.4945767119940     
   47.1988715622507              307   35.2821552041923     
   47.5164109590884              308   35.0699277276555     
   47.8320403086373              309   34.8579189547485     
   48.1457615792301              310   34.6461530654941     
   48.4575769568195              311   34.4346537491360     
   48.7674888405618              312   34.2234442059714     
   49.0754998384155              313   34.0125471494122     
   49.3816127627602              314   33.8019848082670     
   49.6858306260346              315   33.5917789292392     
   49.9881566363978              316   33.3819507796396     
   50.2885941934145              317   33.1725211502906     
   50.5871468837671              318   32.9635103586207     
   50.8838184769947              319   32.7549382519447     
   51.1786129212622              320   32.5468242109118     
   51.4715343391604              321   32.3391871531145     
   51.7625870235385              322   32.1320455368684     
   52.0517754333703              323   31.9254173651160     
   52.3391041896563              324   31.7193201894968     
   52.6245780713618              325   31.5137711145286     
   52.9082020113925              326   31.3087868019256     
   53.1899810926099              327   31.1043834750275     
   53.4699205438851              328   30.9005769233421     
   53.7480257361952              329   30.6973825071882     
   54.0243021787599              330   30.4948151624384     
   54.2987555152218              331   30.2928894053459     
   54.5713915198700              332   30.0916193374547     
   54.8422160939070              333   29.8910186505918     
   55.1112352617624              334   29.6911006319205     
   55.3784551674497              335   29.4918781690667     
   55.6438820709713              336   29.2933637552911     
   55.9075223447689              337   29.0955694947302     
   56.1693824702214              338   28.8985071076679     
   56.4294690341905              339   28.7021879358578     
   56.6877887256132              340   28.5066229478754     
   56.9443483321441              341   28.3118227445098     
   57.1991547368446              342   28.1177975641782     
   57.4522149149223              343   27.9245572883471     
   57.7035359305174              344   27.7321114470036     
   57.9531249335404              345   27.5404692241036     
   58.2009891565573              346   27.3496394630478     
   58.4471359117248              347   27.3826183323259     
   58.6935794767157              348   28.3326567500863     
   58.9485733874665              349   30.0254577735496     
   59.2188025074284              350   31.8193991641280     
   59.5051770999056              351   33.7205237902478     
   59.8086618140178              352   35.7352355656862     
   60.1302789341090              353   37.8703210210634     
   60.4711118232986              354   40.1329721641872     
   60.8323085727762              355   42.5308107062408     
   61.2150858691324              356   45.0719137354167     
   61.6207330927512              357   47.7648409244817     
   62.0506166610715              358   50.6186633639274     
   62.5061846313468              359   53.6429941178211     
   62.9889715784072              360   56.8480206052860     
   63.5006037638548              361   60.2445389166925     
   64.0428046141050              362   63.8439901801509     
   64.6174005257264              363   67.6584991008029     
   65.2263270176336              364   71.7009148027267     
   65.8716352508582              365   75.9848541110620     
   66.5554989378577              366   80.5247474200996     
   67.2802216646386              367   85.3358873018679     
   68.0482446503554              368   90.4344800189926     
   68.8621549705264              369   95.8377001152526     
   69.7246942715636              370   101.563748267829     
   70.6387680059741              371   107.631912596048     
   71.6074552193385              372   114.062633633154     
   72.6340189220369              373   120.877573179990     
   73.7219170806568              374   128.099687272491     
   74.8748142661092              375   135.753303508797     
   76.0965939976884              376   143.864202996454     
   77.3913718246565              377   152.459707195733     
   78.7635091894181              378   161.568769951629     
   80.2176281189828              379   171.222075024509     
   81.7586267942033              380   181.452139447963     
   83.3916960492350              381   192.293423062008     
   85.1223368567931              382   203.782444590622     
   86.9563788581087              383   215.957904654592     
   88.9000000000000              384  0.000000000000000E+000
