  -88.9000015258789       -86.9643952558269       -85.1534298932141     
  -83.4590793451066       -81.8738343486311       -80.3906691903600     
  -79.0030105687588       -77.7047084616970       -76.4900088699082     
  -75.3535283156009       -74.2902299831988       -73.2954013964675     
  -72.3646335330947       -71.4938012841602       -70.6790451718935     
  -69.9167542446936       -69.2035500736016       -68.5362717793006     
  -67.9119620232830       -67.3278539010983       -66.7813586795940     
  -66.2700543238010       -65.7916747626162       -65.3440998457069     
  -64.9253459471286       -64.5335571740100       -64.1669971413443     
  -63.8240412764317       -63.5031696188684       -63.2029600841702     
  -62.9220821611771       -62.6592910153056       -62.4134219715140     
  -62.1833853525310       -61.9681616494688       -61.7667970034201     
  -61.5783989780101       -61.4021326041710       -61.2372166796079     
  -61.0819459549312       -60.9304726999988       -60.7782756353363     
  -60.6253523813304       -60.4717005676572       -60.3173178336095     
  -60.1622018284273       -60.0063502116326       -59.8497606533689     
  -59.6924308347442       -59.5343584481789       -59.3755411977577     
  -59.2159767995855       -59.0556629821482       -58.8945974866771     
  -58.7327780675182       -58.5702024925052       -58.4068685433376     
  -58.2427740159623       -58.0779167209601       -57.9122944839361     
  -57.7459051459149       -57.5787465637397       -57.4108166104761     
  -57.2421131758196       -57.0726341665084       -56.9023775067395     
  -56.7313411385900       -56.5595230224417       -56.3869211374113     
  -56.2135334817835       -56.0393580734493       -55.8643929503485     
  -55.6886361709156       -55.5120858145311       -55.3347399819761     
  -55.1565967958917       -54.9776544012419       -54.7979109657810     
  -54.6173646805257       -54.4360137602297       -54.2538564438640     
  -54.0708909951004       -53.8871157027987       -53.7025288814987     
  -53.5171288719151       -53.3309140414372       -53.1438827846319     
  -52.9560335237499       -52.7673647092372       -52.5778748202484     
  -52.3875623651650       -52.1964258821166       -52.0044639395056     
  -51.8116751365357       -51.6180581037431       -51.4236115035318     
  -51.2283340307115       -51.0322244130391       -50.8352814117626     
  -50.6375038221689       -50.4388904741341       -50.2394402326761     
  -50.0391519985109       -49.8380247086112       -49.6360573367670     
  -49.4332488941497       -49.2295984298776       -49.0251050315844     
  -48.8197678259894       -48.6135859794700       -48.4065586986361     
  -48.1986852309063       -47.9899648650858       -47.7803969319460     
  -47.5699808048054       -47.3587159001123       -47.1466016780278     
  -46.9336376430109       -46.7198233444042       -46.5051583770198     
  -46.2896423817269       -46.0732750460393       -45.8560561047032     
  -45.6379853402855       -45.4190625837620       -45.1992877151057     
  -44.9786606638746       -44.7571814097992       -44.5348499833693     
  -44.3116664664201       -44.0876309927174       -43.8627437485415     
  -43.6370049732702       -43.4104149599596       -43.1829740559239     
  -42.9546826633129       -42.7255412396876       -42.4955502985937     
  -42.2647104101320       -42.0330222015267       -41.8004863576908     
  -41.5671036217881       -41.3328747957918       -41.0978007410402     
  -40.8618823787879       -40.6251206907534       -40.3875167196625     
  -40.1490715697872       -39.9097864074798       -39.6696624617024     
  -39.4287010245511       -39.1869034517746       -38.9442711632877     
  -38.7008056436784       -38.4565084427094       -38.2113811758127     
  -37.9654255245781       -37.7186432372345       -37.4710361291246     
  -37.2226060831710       -36.9733550503366       -36.7232850500753     
  -36.4723981707755       -36.2206965701953       -35.9681824758884     
  -35.7148581856216       -35.4607260677829       -35.2057885617804     
  -34.9500481784308       -34.6935075003387       -34.4361691822655     
  -34.1780359514872       -33.9191106081421       -33.6593960255669     
  -33.3988951506222       -33.1376110040056       -32.8755466805535     
  -32.6127053495303       -32.3490902549062       -32.0847047156208     
  -31.8195521258355       -31.5536359551714       -31.2869597489347     
  -31.0195271283276       -30.7513417906462       -30.4824075094634     
  -30.2127281347978       -29.9423075932681       -29.6711498882317     
  -29.3992590999093       -29.1266393854936       -28.8532949792418     
  -28.5792301925533       -28.3044494140305       -28.0289571095237     
  -27.7527578221592       -27.4758561723508       -27.1982568577947     
  -26.9199646534461       -26.6409844114802       -26.3613210612336     
  -26.0809796091301       -25.7999651385864       -25.5182828099018     
  -25.2359378601279       -24.9529356029207       -24.6692814283743     
  -24.3849808028351       -24.1000392686975       -23.8144624441811     
  -23.5282560230875       -23.2414257745389       -22.9539775426970     
  -22.6659172464617       -22.3772508791516       -22.0879845081632     
  -21.7981242746112       -21.5076763929493       -21.2166471505698     
  -20.9250429073844       -20.6328700953843       -20.3401352181804     
  -20.0468448505236       -19.7530056378044       -19.4586242955329     
  -19.1637076087985       -18.8682624317092       -18.5722956868109     
  -18.2758143644870       -17.9788255223370       -17.6813362845364     
  -17.3833538411752       -17.0848854475775       -16.7859384236012     
  -16.4865201529172       -16.1866380822700       -15.8862997207179     
  -15.5855126388548       -15.2842844680113       -14.9826228994380     
  -14.6805356834694       -14.3780306286686       -14.0751156009536     
  -13.7717985227056       -13.4680873718580       -13.1639901809688     
  -12.8595150362734       -12.5546700767214       -12.2494634929949     
  -11.9439035265102       -11.6379984684026       -11.3317566584945     
  -11.0251864842466       -10.7182963796945       -10.4110948243678     
  -10.1035903421951       -9.79579150039306       -9.48770690834116     
  -9.17934521644164       -8.87071511496547       -8.56182533288454     
  -8.25268463669035       -7.94330182919979       -7.63368574834810     
  -7.32384526596966       -7.01378928656683       -6.70352674606735     
  -6.39306661057058       -6.08241787508320       -5.77158956224453     
  -5.46059072104219       -5.14943042551823       -4.83811777346649     
  -4.52666188512133       -4.21507190183844       -3.90335698476803     
  -3.59152631352092       -3.27958908482801       -2.96755451119360     
  -2.65543181954294       -2.34323024986472       -2.03095905384872     
  -1.71862749351928       -1.40624483986503       -1.09382037146537     
 -0.781363373114195      -0.468883134441382      -0.156388948532499     
  0.156388948532499       0.468883134441382       0.781363373114195     
   1.09382037146537        1.40624483986503        1.71862749351928     
   2.03095905384872        2.34323024986472        2.65543181954294     
   2.96755451119360        3.27958908482801        3.59152631352092     
   3.90335698476803        4.21507190183844        4.52666188512133     
   4.83811777346649        5.14943042551823        5.46059072104219     
   5.77158956224453        6.08241787508320        6.39306661057058     
   6.70352674606735        7.01378928656683        7.32384526596966     
   7.63368574834810        7.94330182919979        8.25268463669035     
   8.56182533288454        8.87071511496547        9.17934521644164     
   9.48770690834116        9.79579150039306        10.1035903421951     
   10.4110948243678        10.7182963796945        11.0251864842466     
   11.3317566584945        11.6379984684026        11.9439035265102     
   12.2494634929949        12.5546700767214        12.8595150362734     
   13.1639901809688        13.4680873718580        13.7717985227056     
   14.0751156009536        14.3780306286686        14.6805356834694     
   14.9826228994380        15.2842844680113        15.5855126388548     
   15.8862997207179        16.1866380822700        16.4865201529172     
   16.7859384236012        17.0848854475775        17.3833538411752     
   17.6813362845364        17.9788255223370        18.2758143644870     
   18.5722956868109        18.8682624317092        19.1637076087985     
   19.4586242955329        19.7530056378044        20.0468448505236     
   20.3401352181804        20.6328700953843        20.9250429073844     
   21.2166471505698        21.5076763929493        21.7981242746112     
   22.0879845081632        22.3772508791516        22.6659172464617     
   22.9539775426970        23.2414257745389        23.5282560230875     
   23.8144624441811        24.1000392686975        24.3849808028351     
   24.6692814283743        24.9529356029207        25.2359378601279     
   25.5182828099018        25.7999651385864        26.0809796091301     
   26.3613210612336        26.6409844114802        26.9199646534461     
   27.1982568577947        27.4758561723508        27.7527578221592     
   28.0289571095237        28.3044494140305        28.5792301925533     
   28.8532949792418        29.1266393854936        29.3992590999093     
   29.6711498882317        29.9423075932681        30.2127281347978     
   30.4824075094634        30.7513417906462        31.0195271283276     
   31.2869597489347        31.5536359551714        31.8195521258355     
   32.0847047156208        32.3490902549062        32.6127053495303     
   32.8755466805535        33.1376110040056        33.3988951506222     
   33.6593960255669        33.9191106081421        34.1780359514872     
   34.4361691822655        34.6935075003387        34.9500481784308     
   35.2057885617804        35.4607260677829        35.7148581856216     
   35.9681824758884        36.2206965701953        36.4723981707755     
   36.7232850500753        36.9733550503366        37.2226060831710     
   37.4710361291246        37.7186432372345        37.9654255245781     
   38.2113811758127        38.4565084427094        38.7008056436784     
   38.9442711632877        39.1869034517746        39.4287010245511     
   39.6696624617024        39.9097864074798        40.1490715697872     
   40.3875167196625        40.6251206907534        40.8618823787879     
   41.0978007410402        41.3328747957918        41.5671036217881     
   41.8004863576908        42.0330222015267        42.2647104101320     
   42.4955502985937        42.7255412396876        42.9546826633129     
   43.1829740559239        43.4104149599596        43.6370049732702     
   43.8627437485415        44.0876309927174        44.3116664664201     
   44.5348499833693        44.7571814097992        44.9786606638746     
   45.1992877151057        45.4190625837620        45.6379853402855     
   45.8560561047032        46.0732750460393        46.2896423817269     
   46.5051583770198        46.7198233444042        46.9336376430109     
   47.1466016780278        47.3587159001123        47.5699808048054     
   47.7803969319460        47.9899648650858        48.1986852309063     
   48.4065586986361        48.6135859794700        48.8197678259894     
   49.0251050315844        49.2295984298776        49.4332488941497     
   49.6360573367670        49.8380247086112        50.0391519985109     
   50.2394402326761        50.4388904741341        50.6375038221689     
   50.8352814117626        51.0322244130391        51.2283340307115     
   51.4236115035318        51.6180581037431        51.8116751365357     
   52.0044639395056        52.1964258821166        52.3875623651650     
   52.5778748202484        52.7673647092372        52.9560335237499     
   53.1438827846319        53.3309140414372        53.5171288719151     
   53.7025288814987        53.8871157027987        54.0708909951004     
   54.2538564438640        54.4360137602297        54.6173646805257     
   54.7979109657810        54.9776544012419        55.1565967958917     
   55.3347399819761        55.5120858145311        55.6886361709156     
   55.8643929503485        56.0393580734493        56.2135334817835     
   56.3869211374113        56.5595230224417        56.7313411385900     
   56.9023775067395        57.0726341665084        57.2421131758196     
   57.4108166104761        57.5787465637397        57.7459051459149     
   57.9122944839361        58.0779167209601        58.2427740159623     
   58.4068685433376        58.5702024925052        58.7327780675182     
   58.8945974866771        59.0556629821482        59.2159767995855     
   59.3755411977577        59.5343584481789        59.6924308347442     
   59.8497606533689        60.0063502116326        60.1622018284273     
   60.3173178336095        60.4717005676572        60.6253523813304     
   60.7782756353363        60.9304726999988        61.0819459549312     
   61.2372166796079        61.4021326041710        61.5783989780101     
   61.7667970034201        61.9681616494688        62.1833853525310     
   62.4134219715140        62.6592910153056        62.9220821611771     
   63.2029600841702        63.5031696188684        63.8240412764317     
   64.1669971413443        64.5335571740100        64.9253459471286     
   65.3440998457069        65.7916747626162        66.2700543238010     
   66.7813586795940        67.3278539010983        67.9119620232830     
   68.5362717793006        69.2035500736016        69.9167542446936     
   70.6790451718935        71.4938012841602        72.3646335330947     
   73.2954013964675        74.2902299831988        75.3535283156009     
   76.4900088699082        77.7047084616970        79.0030105687588     
   80.3906691903600        81.8738343486311        83.4590793451066     
   85.1534298932141        86.9643952558269        88.9000015258789     
