  -88.9000015258789       -86.9301365800295       -85.0196336209925     
  -83.1667037720809       -81.3696120645035       -79.6266758128474     
  -77.9362630395160       -76.2967909466457       -74.7067244340724     
  -73.1645746619585       -71.6688976567355       -70.2182929590566     
  -68.8114023124934       -67.4469083917483       -66.1235335691929     
  -64.8400387185768       -63.5952220547859       -62.3879180085659     
  -61.2169961351549       -60.0813600558052       -58.9799464312021     
  -57.9117239658185       -56.8756924422742       -55.8708817847935     
  -54.8963511508871       -53.9511880504048       -53.0345074911367     
  -52.1454511501608       -51.2831865701632       -50.4469063799759     
  -49.6358275386050       -48.8491906020392       -48.0862590121536     
  -47.3463184070423       -46.6286759521343       -45.9326596914657     
  -45.2576179185020       -44.6029185659205       -43.9679486137813     
  -43.3521135155339       -42.7548366413199       -42.1755587380533     
  -41.6137374057698       -41.0688465897577       -40.5403760879922     
  -40.0278310734143       -39.5307316306054       -39.0486123064238     
  -38.5810216741833       -38.1275219109658       -37.6876883876701     
  -37.2611092714161       -36.8473851399299       -36.4461286075495     
  -36.0569639625006       -35.6795268151038       -35.3134637565822     
  -34.9584320281516       -34.6140992000825       -34.2801428604331     
  -33.9562503131629       -33.6421182853436       -33.3374526431932     
  -33.0419681166667       -32.7553880323478       -32.4774440543883     
  -32.2078759332554       -31.9464312620502       -31.6928652401690     
  -31.4469404440881       -31.2084266050539       -30.9771003934748     
  -30.7527452098080       -30.5351509817500       -30.3241139675373     
  -30.1194365651757       -29.9209271274177       -29.7283997823159     
  -29.5416742591843       -29.3605757198034       -29.1849345947135     
  -29.0145864244391       -28.8493717055005       -28.6890766795131     
  -28.5310550275949       -28.3727960818747       -28.2143006952503     
  -28.0555697291250       -27.8966040534096       -27.7374045465225     
  -27.5779720953898       -27.4183075954450       -27.2584119506270     
  -27.0982860733793       -26.9379308846462       -26.7773473138708     
  -26.6165362989904       -26.4554987864324       -26.2942357311090     
  -26.1327480964116       -25.9710368542044       -25.8091029848172     
  -25.6469474770374       -25.4845713281023       -25.3219755436892     
  -25.1591611379060       -24.9961291332810       -24.8328805607512     
  -24.6694164596508       -24.5057378776989       -24.3418458709856     
  -24.1777415039590       -24.0134258494098       -23.8488999884565     
  -23.6841650105293       -23.5192220133532       -23.3540721029307     
  -23.1887163935238       -23.0231560076349       -22.8573920759876     
  -22.6914257375060       -22.5252581392939       -22.3588904366133     
  -22.1923237928617       -22.0255593795489       -21.8585983762732     
  -21.6914419706969       -21.5240913585210       -21.3565477434586     
  -21.1888123372088       -21.0208863594286       -20.8527710377052     
  -20.6844676075263       -20.5159773122510       -20.3473014030788     
  -20.1784411390190       -20.0093977868580       -19.8401726211273     
  -19.6707669240697       -19.5011819856053       -19.3314191032964     
  -19.1614795823122       -18.9913647353923       -18.8210758828094     
  -18.6506143523317       -18.4799814791845       -18.3091786060104     
  -18.1382070828297       -17.9670682669995       -17.7957635231721     
  -17.6242942232531       -17.4526617463581       -17.2808674787691     
  -17.1089128138905       -16.9367991522034       -16.7645279012201     
  -16.5921004754377       -16.4195182962903       -16.2467827921016     
  -16.0738953980359       -15.9008575560489       -15.7276707148371     
  -15.5543363297879       -15.3808558629271       -15.2072307828675     
  -15.0334625647554       -14.8595526902176       -14.6855026473067     
  -14.5113139304462       -14.3369880403751       -14.1625264840914     
  -13.9879307747953       -13.8132024318314       -13.6383429806304     
  -13.4633539526502       -13.2882368853166       -13.1129933219623     
  -12.9376248117667       -12.7621329096942       -12.5865191764317     
  -12.4107851783262       -12.2349324873210       -12.0589626808922     
  -11.8828773419835       -11.7066780589411       -11.5303664254482     
  -11.3539440404578       -11.1774125081265       -11.0007734377463     
  -10.8240284436766       -10.6471791452753       -10.4702271668297     
  -10.2931741374865       -10.1160216911811       -9.93877146656718     
  -9.76142510694456       -9.58398426018756       -9.40645057867230     
  -9.22882571920359       -9.05111134294135       -8.87330911532656     
  -8.69542070600659       -8.51744778876022       -8.33939204142202     
  -8.16125514580638       -7.98303878763100       -7.80474465643999     
  -7.62637444552647       -7.44792985185477       -7.26941257598220     
  -7.09082432198038       -6.91216679735617       -6.73344171297220     
  -6.55465078296705       -6.37579572467492       -6.19687825854508     
  -6.01790010806084       -5.83886299965821       -5.65976866264423     
  -5.48061882911489       -5.30141523387280       -5.12215961434450     
  -4.94285371049746       -4.76349926475678       -4.58409802192161     
  -4.40465172908126       -4.22516213553109       -4.04563099268807     
  -3.86606005400616       -3.68645107489135       -3.50680581261660     
  -3.32712602623641       -3.14741347650131       -2.96766992577204     
  -2.78789713793362       -2.60809687830917       -2.42827091357362     
  -2.24842101166721       -2.06854894170883       -1.88865647390930     
  -1.70874537948444       -1.52881743056800       -1.34887440012459     
  -1.16891806186239      -0.988950190145849      -0.808972559908262     
 -0.628986946564309      -0.448995125922518      -0.268998874097677     
 -8.899996742322584E-002  8.899996742322584E-002  0.268998874097677     
  0.448995125922518       0.628986946564309       0.808972559908262     
  0.988950190145849        1.16891806186239        1.34887440012459     
   1.52881743056800        1.70874537948444        1.88865647390930     
   2.06854894170883        2.24842101166721        2.42827091357362     
   2.60809687830917        2.78789713793362        2.96766992577204     
   3.14741347650131        3.32712602623641        3.50680581261660     
   3.68645107489135        3.86606005400616        4.04563099268807     
   4.22516213553109        4.40465172908126        4.58409802192161     
   4.76349926475678        4.94285371049746        5.12215961434450     
   5.30141523387280        5.48061882911489        5.65976866264423     
   5.83886299965821        6.01790010806084        6.19687825854508     
   6.37579572467492        6.55465078296705        6.73344171297220     
   6.91216679735617        7.09082432198038        7.26941257598220     
   7.44792985185477        7.62637444552647        7.80474465643999     
   7.98303878763100        8.16125514580638        8.33939204142202     
   8.51744778876022        8.69542070600659        8.87330911532656     
   9.05111134294135        9.22882571920359        9.40645057867230     
   9.58398426018756        9.76142510694456        9.93877146656718     
   10.1160216911811        10.2931741374865        10.4702271668297     
   10.6471791452753        10.8240284436766        11.0007734377463     
   11.1774125081265        11.3539440404578        11.5303664254482     
   11.7066780589411        11.8828773419835        12.0589626808922     
   12.2349324873210        12.4107851783262        12.5865191764317     
   12.7621329096942        12.9376248117667        13.1129933219623     
   13.2882368853166        13.4633539526502        13.6383429806304     
   13.8132024318314        13.9879307747953        14.1625264840914     
   14.3369880403751        14.5113139304462        14.6855026473067     
   14.8595526902176        15.0334625647554        15.2072307828675     
   15.3808558629271        15.5543363297879        15.7276707148371     
   15.9008575560489        16.0738953980359        16.2467827921016     
   16.4195182962903        16.5921004754377        16.7645279012201     
   16.9367991522034        17.1089128138905        17.2808674787691     
   17.4526617463581        17.6242942232531        17.7957635231721     
   17.9670682669995        18.1382070828297        18.3091786060104     
   18.4799814791845        18.6506143523317        18.8210758828094     
   18.9913647353923        19.1614795823122        19.3314191032964     
   19.5011819856053        19.6707669240697        19.8401726211273     
   20.0093977868580        20.1784411390190        20.3473014030788     
   20.5159773122510        20.6844676075263        20.8527710377052     
   21.0208863594286        21.1888123372088        21.3565477434586     
   21.5240913585210        21.6914419706969        21.8585983762732     
   22.0255593795489        22.1923237928617        22.3588904366133     
   22.5252581392939        22.6914257375060        22.8573920759876     
   23.0231560076349        23.1887163935238        23.3540721029307     
   23.5192220133532        23.6841650105293        23.8488999884565     
   24.0134258494098        24.1777415039590        24.3418458709856     
   24.5057378776989        24.6694164596508        24.8328805607512     
   24.9961291332810        25.1591611379060        25.3219755436892     
   25.4845713281023        25.6469474770374        25.8091029848172     
   25.9710368542044        26.1327480964116        26.2942357311090     
   26.4554987864324        26.6165362989904        26.7773473138708     
   26.9379308846462        27.0982860733793        27.2584119506270     
   27.4183075954450        27.5779720953898        27.7374045465225     
   27.8966040534096        28.0555697291250        28.2143006952503     
   28.3727960818747        28.5310550275949        28.6890766795131     
   28.8493717055005        29.0145864244391        29.1849345947135     
   29.3605757198034        29.5416742591843        29.7283997823159     
   29.9209271274177        30.1194365651757        30.3241139675373     
   30.5351509817500        30.7527452098080        30.9771003934748     
   31.2084266050539        31.4469404440881        31.6928652401690     
   31.9464312620502        32.2078759332554        32.4774440543883     
   32.7553880323478        33.0419681166667        33.3374526431932     
   33.6421182853436        33.9562503131629        34.2801428604331     
   34.6140992000825        34.9584320281516        35.3134637565822     
   35.6795268151038        36.0569639625006        36.4461286075495     
   36.8473851399299        37.2611092714161        37.6876883876701     
   38.1275219109658        38.5810216741833        39.0486123064238     
   39.5307316306054        40.0278310734143        40.5403760879922     
   41.0688465897577        41.6137374057698        42.1755587380533     
   42.7548366413199        43.3521135155339        43.9679486137813     
   44.6029185659205        45.2576179185020        45.9326596914657     
   46.6286759521343        47.3463184070423        48.0862590121536     
   48.8491906020392        49.6358275386050        50.4469063799759     
   51.2831865701632        52.1454511501608        53.0345074911367     
   53.9511880504048        54.8963511508871        55.8708817847935     
   56.8756924422742        57.9117239658185        58.9799464312021     
   60.0813600558052        61.2169961351549        62.3879180085659     
   63.5952220547859        64.8400387185768        66.1235335691929     
   67.4469083917483        68.8114023124934        70.2182929590566     
   71.6688976567355        73.1645746619585        74.7067244340724     
   76.2967909466457        77.9362630395160        79.6266758128474     
   81.3696120645035        83.1667037720809        85.0196336209925     
   86.9301365800295        88.9000015258789     
