  -88.9000000000000                1   217.163190491078     
  -86.9455312855803                2   207.275471247297     
  -85.0800520443546                3   197.837952572147     
  -83.2995104712053                4   188.830136254962     
  -81.6000392449106                5   180.232457394968     
  -79.9779471283559                6   172.026241906480     
  -78.4297109511976                7   164.193665958932     
  -76.9519679575672                8   156.717717263676     
  -75.5415085021941                9   149.582158123452     
  -74.1952690790831               10   142.771490164214     
  -72.9103256676052               11   136.270920672824     
  -71.6838873815497               12   130.066330467378     
  -70.5132904073433               13   124.144243230485     
  -69.3959922182690               14   118.491796238808     
  -68.3295660521197               15   113.096712425336     
  -67.3116956402917               16   107.947273713704     
  -66.3401701768683               17   103.032295566630     
  -65.4128795167687               18   98.3411026931928     
  -64.5278095925299               19   93.8635058621884     
  -63.6830380397702               20   89.5897797712071     
  -62.8767300218294               21   85.5106419233683     
  -62.1071342445191               22   81.6172324658011     
  -61.3725791523268               23   77.9010949461265     
  -60.6714692978117               24   74.3541579451153     
  -60.0022818763057               25   70.9687175456348     
  -59.3635634183950               26   67.7374205997962     
  -58.7539266329968               27   64.6532487579934     
  -58.1720473941749               28   61.7095032250998     
  -57.6166618651490               29   58.8997902107388     
  -57.0865637532523               30   56.2180070420339     
  -56.5806016898740               31   53.6583289086473     
  -56.0976767296962               32   51.2151962113465     
  -55.6367399637941               33   48.8833024865964     
  -55.1967902414147               34   46.6575828809697     
  -54.7768719954860               35   45.5427996290617     
  -54.3669867988244               36   45.7424823220873     
  -53.9553044579256               37   46.1986093118393     
  -53.5395169741191               38   46.6568272167546     
  -53.1196055291683               39   47.1170588046408     
  -52.6955519999265               40   47.5792235844242     
  -52.2673389876667               41   48.0432377535701     
  -51.8349498478846               42   48.5090141473247     
  -51.3983687205586               43   48.9764621899703     
  -50.9575805608489               44   49.4454878482529     
  -50.5125711702146               45   49.9159935872326     
  -50.0633272279295               46   50.3878783287056     
  -49.6098363229712               47   50.8610374124459     
  -49.1520869862592               48   51.3353625604651     
  -48.6900687232150               49   51.8107418445110     
  -48.2237720466144               50   52.2870596570344     
  -47.7531885097011               51   52.7641966858449     
  -47.2783107395285               52   53.2420298927000     
  -46.7991324704942               53   53.7204324960577     
  -46.3156485780297               54   54.1992739582248     
  -45.8278551124056               55   54.6784199771579     
  -45.3357493326112               56   55.1577324831416     
  -44.8393297402629               57   55.6370696406082     
  -44.3385961134975               58   56.1162858553214     
  -43.8335495407996               59   56.5952317871832     
  -43.3241924547149               60   57.0737543688927     
  -42.8105286653949               61   57.5516968307118     
  -42.2925633939185               62   58.0288987315530     
  -41.7703033053345               63   58.5051959966315     
  -41.2437565413648               64   58.9804209619129     
  -40.7129327527076               65   59.4544024255504     
  -40.1778431308776               66   59.9269657065543     
  -39.6385004395187               67   60.3979327108664     
  -39.0949190451209               68   60.8671220050402     
  -38.5471149470755               69   61.3343488977086     
  -37.9951058069961               70   61.7994255290036     
  -37.4389109772351               71   62.2621609680741     
  -36.8785515285224               72   62.7223613188319     
  -36.3140502766529               73   63.1798298340650     
  -35.7454318081463               74   63.6343670379868     
  -35.1727225048045               75   64.0857708573400     
  -34.5959505670884               76   64.5338367610625     
  -34.0151460362388               77   64.9783579085989     
  -33.4303408150615               78   65.4191253068445     
  -32.8415686872999               79   65.8559279757043     
  -32.2488653355185               80   66.2885531222438     
  -31.6522683574183               81   66.7167863233513     
  -31.0518172805082               82   67.1404117168149     
  -30.4475535750568               83   67.5592122007005     
  -29.8395206652505               84   67.9729696408538     
  -29.2277639384828               85   68.3814650863586     
  -28.6123307527056               86   68.7844789927152     
  -27.9932704417712               87   69.1817914524972     
  -27.3706343186987               88   69.5731824331926     
  -26.7444756768000               89   69.9584320219115     
  -26.1148497886028               90   70.3373206766089     
  -25.4818139025133               91   70.7096294834370     
  -24.8454272371623               92   71.0751404197975     
  -24.2057509733842               93   71.4336366226572     
  -23.5628482437803               94   71.7849026616193     
  -22.9167841198257               95   72.1287248162565     
  -22.2676255964794               96   72.4648913571361     
  -21.6154415742651               97   72.7931928299772     
  -20.9603028387954               98   73.1134223423165     
  -20.3022820377145               99   73.4253758520688     
  -19.6414536550459              100   73.7288524573066     
  -18.9778939829301              101   74.0236546865900     
  -18.3116810907508              102   74.3095887891359     
  -17.6428947916486              103   74.5864650241180     
  -16.9716166064315              104   74.8540979483453     
  -16.2979297248964              105   75.1123067015830     
  -15.6219189645822              106   75.3609152887468     
  -14.9436707269835              107   75.5997528582068     
  -14.2632729512596              108   75.8286539754237     
  -13.5808150654808              109   76.0474588911474     
  -12.8963879354605              110   76.2560138034025     
  -12.2100838112298              111   76.4541711124962     
  -11.5219962712174              112   76.6417896682877     
  -10.8322201642028              113   76.8187350089751     
  -10.1408515491220              114   76.9848795906671     
  -9.44798763280600              115   77.1401030070342     
  -8.75372670574269              116   77.2842921983416     
  -8.05816807595762              117   77.4173416492086     
  -7.36141200111474              118   77.5391535744604     
  -6.66355961894459              119   77.6496380924684     
  -5.96471287611238              120   77.7487133854156     
  -5.26497445564364              121   77.8363058459627     
  -4.56444770302997              122   77.9123502098254     
  -3.86323655114154              123   77.9767896738256     
  -3.16144544407711              124   78.0295759990172     
  -2.45917926008596              125   78.0706695985431     
  -1.75654323369907              126   78.1000396099243     
  -1.05364287720975              127   78.1176639515360     
 -0.350583901645929              128   77.9075336990952     
  0.350583901645929              129   78.1176639515360     
   1.05364287720975              130   78.1000396099243     
   1.75654323369907              131   78.0706695985431     
   2.45917926008596              132   78.0295759990172     
   3.16144544407711              133   77.9767896738256     
   3.86323655114154              134   77.9123502098254     
   4.56444770302997              135   77.8363058459627     
   5.26497445564364              136   77.7487133854156     
   5.96471287611238              137   77.6496380924684     
   6.66355961894459              138   77.5391535744604     
   7.36141200111474              139   77.4173416492086     
   8.05816807595762              140   77.2842921983416     
   8.75372670574269              141   77.1401030070342     
   9.44798763280600              142   76.9848795906671     
   10.1408515491220              143   76.8187350089751     
   10.8322201642028              144   76.6417896682877     
   11.5219962712174              145   76.4541711124962     
   12.2100838112298              146   76.2560138034025     
   12.8963879354605              147   76.0474588911474     
   13.5808150654808              148   75.8286539754237     
   14.2632729512596              149   75.5997528582068     
   14.9436707269835              150   75.3609152887468     
   15.6219189645822              151   75.1123067015830     
   16.2979297248964              152   74.8540979483453     
   16.9716166064315              153   74.5864650241180     
   17.6428947916486              154   74.3095887891359     
   18.3116810907508              155   74.0236546865900     
   18.9778939829301              156   73.7288524573066     
   19.6414536550459              157   73.4253758520688     
   20.3022820377145              158   73.1134223423165     
   20.9603028387954              159   72.7931928299772     
   21.6154415742651              160   72.4648913571361     
   22.2676255964794              161   72.1287248162565     
   22.9167841198257              162   71.7849026616193     
   23.5628482437803              163   71.4336366226572     
   24.2057509733842              164   71.0751404197975     
   24.8454272371623              165   70.7096294834370     
   25.4818139025133              166   70.3373206766089     
   26.1148497886028              167   69.9584320219115     
   26.7444756768000              168   69.5731824331926     
   27.3706343186987              169   69.1817914524972     
   27.9932704417712              170   68.7844789927152     
   28.6123307527056              171   68.3814650863586     
   29.2277639384828              172   67.9729696408538     
   29.8395206652505              173   67.5592122007005     
   30.4475535750568              174   67.1404117168149     
   31.0518172805082              175   66.7167863233513     
   31.6522683574183              176   66.2885531222438     
   32.2488653355185              177   65.8559279757043     
   32.8415686872999              178   65.4191253068445     
   33.4303408150615              179   64.9783579085989     
   34.0151460362388              180   64.5338367610625     
   34.5959505670884              181   64.0857708573400     
   35.1727225048045              182   63.6343670379868     
   35.7454318081463              183   63.1798298340650     
   36.3140502766529              184   62.7223613188319     
   36.8785515285224              185   62.2621609680741     
   37.4389109772351              186   61.7994255290036     
   37.9951058069961              187   61.3343488977086     
   38.5471149470755              188   60.8671220050402     
   39.0949190451209              189   60.3979327108664     
   39.6385004395187              190   59.9269657065543     
   40.1778431308776              191   59.4544024255504     
   40.7129327527076              192   58.9804209619129     
   41.2437565413648              193   58.5051959966315     
   41.7703033053345              194   58.0288987315530     
   42.2925633939185              195   57.5516968307118     
   42.8105286653949              196   57.0737543688927     
   43.3241924547149              197   56.5952317871832     
   43.8335495407996              198   56.1162858553214     
   44.3385961134975              199   55.6370696406082     
   44.8393297402629              200   55.1577324831416     
   45.3357493326112              201   54.6784199771579     
   45.8278551124056              202   54.1992739582248     
   46.3156485780297              203   53.7204324960577     
   46.7991324704942              204   53.2420298927000     
   47.2783107395285              205   52.7641966858449     
   47.7531885097011              206   52.2870596570344     
   48.2237720466144              207   51.8107418445110     
   48.6900687232150              208   51.3353625604651     
   49.1520869862592              209   50.8610374124459     
   49.6098363229712              210   50.3878783287056     
   50.0633272279295              211   49.9159935872326     
   50.5125711702146              212   49.4454878482529     
   50.9575805608489              213   48.9764621899703     
   51.3983687205586              214   48.5090141473247     
   51.8349498478846              215   48.0432377535701     
   52.2673389876667              216   47.5792235844242     
   52.6955519999265              217   47.1170588046408     
   53.1196055291683              218   46.6568272167546     
   53.5395169741191              219   46.1986093118393     
   53.9553044579256              220   45.7424823220873     
   54.3669867988244              221   45.5427996290617     
   54.7768719954860              222   46.6575828809697     
   55.1967902414147              223   48.8833024865964     
   55.6367399637941              224   51.2151962113465     
   56.0976767296962              225   53.6583289086473     
   56.5806016898740              226   56.2180070420339     
   57.0865637532523              227   58.8997902107388     
   57.6166618651490              228   61.7095032250998     
   58.1720473941749              229   64.6532487579934     
   58.7539266329968              230   67.7374205997962     
   59.3635634183950              231   70.9687175456348     
   60.0022818763057              232   74.3541579451153     
   60.6714692978117              233   77.9010949461265     
   61.3725791523268              234   81.6172324658011     
   62.1071342445191              235   85.5106419233683     
   62.8767300218294              236   89.5897797712071     
   63.6830380397702              237   93.8635058621884     
   64.5278095925299              238   98.3411026931928     
   65.4128795167687              239   103.032295566630     
   66.3401701768683              240   107.947273713704     
   67.3116956402917              241   113.096712425336     
   68.3295660521197              242   118.491796238808     
   69.3959922182690              243   124.144243230485     
   70.5132904073433              244   130.066330467378     
   71.6838873815497              245   136.270920672824     
   72.9103256676052              246   142.771490164214     
   74.1952690790831              247   149.582158123452     
   75.5415085021941              248   156.717717263676     
   76.9519679575672              249   164.193665958932     
   78.4297109511976              250   172.026241906480     
   79.9779471283559              251   180.232457394968     
   81.6000392449106              252   188.830136254962     
   83.2995104712053              253   197.837952572147     
   85.0800520443546              254   207.275471247297     
   86.9455312855803              255   217.163190491078     
   88.9000000000000              256  0.000000000000000E+000
