  -88.9000000000000       -86.9734457972620       -85.1883889039127     
  -83.5344369372535       -82.0019607914187       -80.5820385778998     
  -79.2664036834028       -78.0473966426379       -76.9179205458501     
  -75.8713997214792       -74.9017414534056       -74.0033005099024     
  -73.1708462777876       -72.3995323104347       -71.6848681123533     
  -71.0226929960747       -70.4091518591382       -69.8406727401571     
  -69.3139460232963       -68.8259051700946       -68.3737088664528     
  -67.9547244808509       -67.5665127374898       -67.2068135151264     
  -66.8735326889240       -66.5647299387142       -66.2786074526903     
  -66.0134994607670       -65.7678625366710       -65.5402666123022     
  -65.3293866520524       -65.1339949386096       -64.9529539253390     
  -64.7852096136253       -64.6297854166215       -64.4857764736805     
  -64.3523443823666       -64.2287123173796       -64.1141605079728     
  -64.0080220475356       -63.9096790109454       -63.8185588570828     
  -63.7341310955672       -63.6559041983072       -63.5834227378838     
  -63.5137211491886       -63.4439511069892       -63.3740106626368     
  -63.3038995044242       -63.2336173209045       -63.1631638008991     
  -63.0925386335061       -63.0217415081078       -62.9507721143793     
  -62.8796301422965       -62.8083152821442       -62.7368272245251     
  -62.6651656603671       -62.5933302809328       -62.5213207778273     
  -62.4491368430071       -62.3767781687886       -62.3042444478569     
  -62.2315353732742       -62.1586506384891       -62.0855899373453     
  -62.0123529640902       -61.9389394133842       -61.8653489803101     
  -61.7915813603812       -61.7176362495517       -61.6435133442250     
  -61.5692123412634       -61.4947329379976       -61.4200748322359     
  -61.3452377222735       -61.2702213069027       -61.1950252854219     
  -61.1196493576456       -61.0440932239141       -60.9683565851033     
  -60.8924391426345       -60.8163405984845       -60.7400606551955     
  -60.6635990158852       -60.5869553842570       -60.5101294646101     
  -60.4331209618498       -60.3559295814978       -60.2785550297030     
  -60.2009970132512       -60.1232552395762       -60.0453294167703     
  -59.9672192535950       -59.8889244594915       -59.8104447445917     
  -59.7317798197289       -59.6529293964492       -59.5738931870217     
  -59.4946709044503       -59.4152622624844       -59.3356669756302     
  -59.2558847591622       -59.1759153291340       -59.0957584023902     
  -59.0154136965779       -58.9348809301575       -58.8541598224154     
  -58.7732500934746       -58.6921514643071       -58.6108636567457     
  -58.5293863934954       -58.4477193981457       -58.3658623951827     
  -58.2838151100008       -58.2015772689152       -58.1191485991737     
  -58.0365288289695       -57.9537176874531       -57.8707149047450     
  -57.7875202119479       -57.7041333411594       -57.6205540254848     
  -57.5367819990493       -57.4528169970113       -57.3686587555748     
  -57.2843070120025       -57.1997615046287       -57.1150219728721     
  -57.0300881572494       -56.9449597993879       -56.8596366420391     
  -56.7741184290917       -56.6884049055853       -56.6024958177234     
  -56.5163909128872       -56.4300899396492       -56.3435926477865     
  -56.2568987882946       -56.1700081134016       -56.0829203765812     
  -55.9956353325674       -55.9081527373678       -55.8204723482781     
  -55.7325939238959       -55.6445172241350       -55.5562420102395     
  -55.4677680447983       -55.3790950917590       -55.2902229164430     
  -55.2011512855591       -55.1118799672189       -55.0224087309509     
  -54.9327373477154       -54.8428655899188       -54.7527932314291     
  -54.6625200475902       -54.5720458152372       -54.4813703127109     
  -54.3904933198734       -54.2994146181228       -54.2081339904087     
  -54.1166512212473       -54.0249660967364       -53.9330784045713     
  -53.8409879340599       -53.7486944761381       -53.6561978233858     
  -53.5634977700417       -53.4705941120200       -53.3774866469250     
  -53.2841751740680       -53.1906594944821       -53.0969394109390     
  -53.0030147279640       -52.9088852518532       -52.8145507906884     
  -52.7200111543539       -52.6252661545525       -52.5303156048220     
  -52.4351593205509       -52.3397971189951       -52.2442288192947     
  -52.1484542424895       -52.0524732115366       -51.9562855513259     
  -51.8598910886977       -51.7632896524585       -51.6664810733984     
  -51.5694651843075       -51.4722418199927       -51.3748108172948     
  -51.2771720151052       -51.1793252543829       -51.0812703781716     
  -50.9830072316168       -50.8845356619828       -50.7858555186697     
  -50.6869666532309       -50.5878689193902       -50.4885621730591     
  -50.3890462723541       -50.2893210776140       -50.1893864514177     
  -50.0892422586010       -49.9888883662748       -49.8883246438419     
  -49.7875509630153       -49.6865671978354       -49.5853732246875     
  -49.4839689223201       -49.3823541718619       -49.2805288568400     
  -49.1784928631977       -49.0762460793120       -48.9737883960119     
  -48.8711197065958       -48.7682399068499       -48.6651488950658     
  -48.5618465720586       -48.4583328411849       -48.3546076083610     
  -48.2506707820807       -48.1465222734334       -48.0421619961225     
  -47.9375898664833       -47.8328058035009       -47.7278097288292     
  -47.6226015668082       -47.5171812444827       -47.4115486916205     
  -47.3057038407304       -47.1996466270810       -47.0933769887183     
  -46.9868948664846       -46.8802002040363       -46.7732929478629     
  -46.6661730473046       -46.5588404545710       -46.4512951247596     
  -46.3435370158739       -46.2355660888419       -46.1273823075344     
  -46.0189856387834       -45.9103760524007       -45.8015535211959     
  -45.6925180209949       -45.5832695306587       -45.4738080321011     
  -45.3641335103077       -45.2542459533536       -45.1441453524225     
  -45.0338317018247       -44.9233049990153       -44.8125652446129     
  -44.7016124424175       -44.5904465994292       -44.4790677258664     
  -44.3674758351839       -44.2556709440915       -44.1436530725720     
  -44.0314222438994       -43.9189784846573       -43.8063218247570     
  -43.6934522974557       -43.5803699393744       -43.4670747905164     
  -43.3535668942853       -43.2398462975026       -43.1259130504264     
  -43.0117672067689       -42.8974088237145       -42.7828379619378     
  -42.6680546856214       -42.5530590624737       -42.4378511637468     
  -42.3224310642540       -42.2067988423881       -42.0909545801382     
  -41.9748983631082       -41.8586302805338       -41.7421504253001     
  -41.6254588939592       -41.5085557867477       -41.3914412076036     
  -41.2741152641842       -41.1565780678829       -41.0388297338465     
  -40.9208703809924       -40.8027001320254       -40.6843191134552     
  -40.5657274556126       -40.4469252926670       -40.3279127626426     
  -40.2086900074355       -40.0892571728304       -39.9696144085167     
  -39.8497618681051       -39.7296997091445       -39.6094280931376     
  -39.4889471855573       -39.3682571558632       -39.2473581775172     
  -39.1262504279998       -39.0049340888255       -38.8834093455591     
  -38.7616763878310       -38.6397354093528       -38.5175866079329     
  -38.3952301854919       -38.2726663480777       -38.1498953058806     
  -38.0269172732486       -37.9037324687023       -37.7803411149494     
  -37.6567434388997       -37.5329396716797       -37.4089300486471     
  -37.2847148094049       -37.1602941978157       -37.0356684620163     
  -36.9108378544310       -36.7858026317857       -36.6605630551218     
  -36.5351193898098       -36.4094719055623       -36.2836208764480     
  -36.1575665809043       -36.0313093017506       -35.9048493262012     
  -35.7781869458782       -35.6513224568237       -35.5242561595127     
  -35.3969883588650       -35.2695193642578       -35.1418494895373     
  -35.0139790530309       -34.8859083775586       -34.7576377904446     
  -34.6291676235287       -34.5004982131775       -34.3716299002956     
  -34.2425630303360       -34.1132979533111       -33.9838350238035     
  -33.8541746009755       -33.7243170485803       -33.5942627349710     
  -33.4640120331112       -33.3335653205841       -33.2029229796021     
  -33.0720853970160       -32.9410529643243       -32.8098260776815     
  -32.6784051379075       -32.5467905504952       -32.4149827256197     
  -32.2829820781456       -32.1507890276352       -32.0184039983563     
  -31.8858274192893       -31.7530597241348       -31.6201013513202     
  -31.4869527440069       -31.3536143500970       -31.2200866222391     
  -31.0863700178351       -30.9524649990459       -30.8183720327970     
  -30.6840915907841       -30.5496241494786       -30.4149701901322     
  -30.2801301987823       -30.1451046662559       -30.0098940881746     
  -29.8744989649582       -29.7389198018291       -29.6031571088152     
  -29.4672114007543       -29.3310831972961       -29.1947730229063     
  -29.0582814068681       -28.9216088832857       -28.7847559910855     
  -28.6477232740187       -28.5105112806628       -28.3731205644226     
  -28.2355516835318       -28.0978052010540       -27.9598816848826     
  -27.8217817077419       -27.6835058471868       -27.5450546856030     
  -27.4064288102059       -27.2676288130406       -27.1286552909806     
  -26.9895088457265       -26.8501900838046       -26.7106996165649     
  -26.5710380601796       -26.4312060356399       -26.2912041687541     
  -26.1510330901442       -26.0106934352429       -25.8701858442904     
  -25.7295109623300       -25.5886694392047       -25.4476619295524     
  -25.3064890928015       -25.1651515931660       -25.0236500996400     
  -24.8819852859928       -24.7401578307624       -24.5981684172499     
  -24.4560177335131       -24.3137064723593       -24.1712353313391     
  -24.0286050127386       -23.8858162235719       -23.7428696755732     
  -23.5997660851890       -23.4565061735689       -23.3130906665576     
  -23.1695202946851       -23.0257957931580       -22.8819179018491     
  -22.7378873652878       -22.5937049326499       -22.4493713577466     
  -22.3048873990138       -22.1602538195006       -22.0154713868583     
  -21.8705408733280       -21.7254630557284       -21.5802387154438     
  -21.4348686384109       -21.2893536151059       -21.1436944405306     
  -20.9978919141995       -20.8519468401250       -20.7058600268032     
  -20.5596322871997       -20.4132644387338       -20.2667573032639     
  -20.1201117070714       -19.9733284808451       -19.8264084596645     
  -19.6793524829840       -19.5321613946149       -19.3848360427094     
  -19.2373772797421       -19.0897859624928       -18.9420629520280     
  -18.7942091136827       -18.6462253170413       -18.4981124359188     
  -18.3498713483415       -18.2015029365267       -18.0530080868634     
  -17.9043876898915       -17.7556426402812       -17.6067738368122     
  -17.4577821823524       -17.3086685838360       -17.1594339522422     
  -17.0100792025723       -16.8606052538280       -16.7110130289876     
  -16.5613034549839       -16.4114774626800       -16.2615359868459     
  -16.1114799661345       -15.9613103430572       -15.8110280639589     
  -15.6606340789939       -15.5101293420998       -15.3595148109724     
  -15.2087914470399       -15.0579602154365       -14.9070220849761     
  -14.7559780281257       -14.6048290209782       -14.4535760432253     
  -14.3022200781297       -14.1507621124973       -13.9992031366491     
  -13.8475441443926       -13.6957861329932       -13.5439301031452     
  -13.3919770589425       -13.2399280078487       -13.0877839606677     
  -12.9355459315135       -12.7832149377795       -12.6307920001083     
  -12.4782781423601       -12.3256743915822       -12.1729817779772     
  -12.0202013348712       -11.8673340986820       -11.7143811088866     
  -11.5613434079891       -11.4082220414874       -11.2550180578406     
  -11.1017325084358       -10.9483664475541       -10.7949209323373     
  -10.6413970227537       -10.4877957815640       -10.3341182742866     
  -10.1803655691632       -10.0265387371236       -9.87263885175048     
  -9.71866698924435       -9.56462422838759       -9.41051165050873     
  -9.25633033944636       -9.10208138151288       -8.94776586545796     
  -8.79338488243186       -8.63893952594848       -8.48443089184828     
  -8.32986007826092       -8.17522818556776       -8.02053631636412     
  -7.86578557542137       -7.71097706964883       -7.55611190805549     
  -7.40119120171150       -7.24621606370954       -7.09118760912598     
  -6.93610695498186       -6.78097522020371       -6.62579352558423     
  -6.47056299374270       -6.31528474908541       -6.15995991776572     
  -6.00458962764415       -5.84917500824819       -5.69371719073202     
  -5.53821730783610       -5.38267649384655       -5.22709588455450     
  -5.07147661721516       -4.91581983050691       -4.76012666449017     
  -4.60439826056615       -4.44863576143555       -4.29284031105704     
  -4.13701305460569       -3.98115513843134       -3.82526771001673     
  -3.66935191793564       -3.51340891181088       -3.35743984227226     
  -3.20144586091430       -3.04542812025409       -2.88938777368883     
  -2.73332597545349       -2.57724388057823       -2.42114264484591     
  -2.26502342474934       -2.10888737744868       -1.95273566072858     
  -1.79656943295542       -1.64038985303440       -1.48419808036662     
  -1.32799527480611       -1.17178259661681       -1.01556120642955     
 -0.859332265198909      -0.703096934160170      -0.546856374786136     
 -0.390611748743987      -0.234364217852103      -7.811494403687087E-002
  7.811494403687087E-002  0.234364217852103       0.390611748743987     
  0.546856374786136       0.703096934160170       0.859332265198909     
   1.01556120642955        1.17178259661681        1.32799527480611     
   1.48419808036662        1.64038985303440        1.79656943295542     
   1.95273566072858        2.10888737744868        2.26502342474934     
   2.42114264484591        2.57724388057823        2.73332597545349     
   2.88938777368883        3.04542812025409        3.20144586091430     
   3.35743984227226        3.51340891181088        3.66935191793564     
   3.82526771001673        3.98115513843134        4.13701305460569     
   4.29284031105704        4.44863576143555        4.60439826056615     
   4.76012666449017        4.91581983050691        5.07147661721516     
   5.22709588455450        5.38267649384655        5.53821730783610     
   5.69371719073202        5.84917500824819        6.00458962764415     
   6.15995991776572        6.31528474908541        6.47056299374270     
   6.62579352558423        6.78097522020371        6.93610695498186     
   7.09118760912598        7.24621606370954        7.40119120171150     
   7.55611190805549        7.71097706964883        7.86578557542137     
   8.02053631636412        8.17522818556776        8.32986007826092     
   8.48443089184828        8.63893952594848        8.79338488243186     
   8.94776586545796        9.10208138151288        9.25633033944636     
   9.41051165050873        9.56462422838759        9.71866698924435     
   9.87263885175048        10.0265387371236        10.1803655691632     
   10.3341182742866        10.4877957815640        10.6413970227537     
   10.7949209323373        10.9483664475541        11.1017325084358     
   11.2550180578406        11.4082220414874        11.5613434079891     
   11.7143811088866        11.8673340986820        12.0202013348712     
   12.1729817779772        12.3256743915822        12.4782781423601     
   12.6307920001083        12.7832149377795        12.9355459315135     
   13.0877839606677        13.2399280078487        13.3919770589425     
   13.5439301031452        13.6957861329932        13.8475441443926     
   13.9992031366491        14.1507621124973        14.3022200781297     
   14.4535760432253        14.6048290209782        14.7559780281257     
   14.9070220849761        15.0579602154365        15.2087914470399     
   15.3595148109724        15.5101293420998        15.6606340789939     
   15.8110280639589        15.9613103430572        16.1114799661345     
   16.2615359868459        16.4114774626800        16.5613034549839     
   16.7110130289876        16.8606052538280        17.0100792025723     
   17.1594339522422        17.3086685838360        17.4577821823524     
   17.6067738368122        17.7556426402812        17.9043876898915     
   18.0530080868634        18.2015029365267        18.3498713483415     
   18.4981124359188        18.6462253170413        18.7942091136827     
   18.9420629520280        19.0897859624928        19.2373772797421     
   19.3848360427094        19.5321613946149        19.6793524829840     
   19.8264084596645        19.9733284808451        20.1201117070714     
   20.2667573032639        20.4132644387338        20.5596322871997     
   20.7058600268032        20.8519468401250        20.9978919141995     
   21.1436944405306        21.2893536151059        21.4348686384109     
   21.5802387154438        21.7254630557284        21.8705408733280     
   22.0154713868583        22.1602538195006        22.3048873990138     
   22.4493713577466        22.5937049326499        22.7378873652878     
   22.8819179018491        23.0257957931580        23.1695202946851     
   23.3130906665576        23.4565061735689        23.5997660851890     
   23.7428696755732        23.8858162235719        24.0286050127386     
   24.1712353313391        24.3137064723593        24.4560177335131     
   24.5981684172499        24.7401578307624        24.8819852859928     
   25.0236500996400        25.1651515931660        25.3064890928015     
   25.4476619295524        25.5886694392047        25.7295109623300     
   25.8701858442904        26.0106934352429        26.1510330901442     
   26.2912041687541        26.4312060356399        26.5710380601796     
   26.7106996165649        26.8501900838046        26.9895088457265     
   27.1286552909806        27.2676288130406        27.4064288102059     
   27.5450546856030        27.6835058471868        27.8217817077419     
   27.9598816848826        28.0978052010540        28.2355516835318     
   28.3731205644226        28.5105112806628        28.6477232740187     
   28.7847559910855        28.9216088832857        29.0582814068681     
   29.1947730229063        29.3310831972961        29.4672114007543     
   29.6031571088152        29.7389198018291        29.8744989649582     
   30.0098940881746        30.1451046662559        30.2801301987823     
   30.4149701901322        30.5496241494786        30.6840915907841     
   30.8183720327970        30.9524649990459        31.0863700178351     
   31.2200866222391        31.3536143500970        31.4869527440069     
   31.6201013513202        31.7530597241348        31.8858274192893     
   32.0184039983563        32.1507890276352        32.2829820781456     
   32.4149827256197        32.5467905504952        32.6784051379075     
   32.8098260776815        32.9410529643243        33.0720853970160     
   33.2029229796021        33.3335653205841        33.4640120331112     
   33.5942627349710        33.7243170485803        33.8541746009755     
   33.9838350238035        34.1132979533111        34.2425630303360     
   34.3716299002956        34.5004982131775        34.6291676235287     
   34.7576377904446        34.8859083775586        35.0139790530309     
   35.1418494895373        35.2695193642578        35.3969883588650     
   35.5242561595127        35.6513224568237        35.7781869458782     
   35.9048493262012        36.0313093017506        36.1575665809043     
   36.2836208764480        36.4094719055623        36.5351193898098     
   36.6605630551218        36.7858026317857        36.9108378544310     
   37.0356684620163        37.1602941978157        37.2847148094049     
   37.4089300486471        37.5329396716797        37.6567434388997     
   37.7803411149494        37.9037324687023        38.0269172732486     
   38.1498953058806        38.2726663480777        38.3952301854919     
   38.5175866079329        38.6397354093528        38.7616763878310     
   38.8834093455591        39.0049340888255        39.1262504279998     
   39.2473581775172        39.3682571558632        39.4889471855573     
   39.6094280931376        39.7296997091445        39.8497618681051     
   39.9696144085167        40.0892571728304        40.2086900074355     
   40.3279127626426        40.4469252926670        40.5657274556126     
   40.6843191134552        40.8027001320254        40.9208703809924     
   41.0388297338465        41.1565780678829        41.2741152641842     
   41.3914412076036        41.5085557867477        41.6254588939592     
   41.7421504253001        41.8586302805338        41.9748983631082     
   42.0909545801382        42.2067988423881        42.3224310642540     
   42.4378511637468        42.5530590624737        42.6680546856214     
   42.7828379619378        42.8974088237145        43.0117672067689     
   43.1259130504264        43.2398462975026        43.3535668942853     
   43.4670747905164        43.5803699393744        43.6934522974557     
   43.8063218247570        43.9189784846573        44.0314222438994     
   44.1436530725720        44.2556709440915        44.3674758351839     
   44.4790677258664        44.5904465994292        44.7016124424175     
   44.8125652446129        44.9233049990153        45.0338317018247     
   45.1441453524225        45.2542459533536        45.3641335103077     
   45.4738080321011        45.5832695306587        45.6925180209949     
   45.8015535211959        45.9103760524007        46.0189856387834     
   46.1273823075344        46.2355660888419        46.3435370158739     
   46.4512951247596        46.5588404545710        46.6661730473046     
   46.7732929478629        46.8802002040363        46.9868948664846     
   47.0933769887183        47.1996466270810        47.3057038407304     
   47.4115486916205        47.5171812444827        47.6226015668082     
   47.7278097288292        47.8328058035009        47.9375898664833     
   48.0421619961225        48.1465222734334        48.2506707820807     
   48.3546076083610        48.4583328411849        48.5618465720586     
   48.6651488950658        48.7682399068499        48.8711197065958     
   48.9737883960119        49.0762460793120        49.1784928631977     
   49.2805288568400        49.3823541718619        49.4839689223201     
   49.5853732246875        49.6865671978354        49.7875509630153     
   49.8883246438419        49.9888883662748        50.0892422586010     
   50.1893864514177        50.2893210776140        50.3890462723541     
   50.4885621730591        50.5878689193902        50.6869666532309     
   50.7858555186697        50.8845356619828        50.9830072316168     
   51.0812703781716        51.1793252543829        51.2771720151052     
   51.3748108172948        51.4722418199927        51.5694651843075     
   51.6664810733984        51.7632896524585        51.8598910886977     
   51.9562855513259        52.0524732115366        52.1484542424895     
   52.2442288192947        52.3397971189951        52.4351593205509     
   52.5303156048220        52.6252661545525        52.7200111543539     
   52.8145507906884        52.9088852518532        53.0030147279640     
   53.0969394109390        53.1906594944821        53.2841751740680     
   53.3774866469250        53.4705941120200        53.5634977700417     
   53.6561978233858        53.7486944761381        53.8409879340599     
   53.9330784045713        54.0249660967364        54.1166512212473     
   54.2081339904087        54.2994146181228        54.3904933198734     
   54.4813703127109        54.5720458152372        54.6625200475902     
   54.7527932314291        54.8428655899188        54.9327373477154     
   55.0224087309509        55.1118799672189        55.2011512855591     
   55.2902229164430        55.3790950917590        55.4677680447983     
   55.5562420102395        55.6445172241350        55.7325939238959     
   55.8204723482781        55.9081527373678        55.9956353325674     
   56.0829203765812        56.1700081134016        56.2568987882946     
   56.3435926477865        56.4300899396492        56.5163909128872     
   56.6024958177234        56.6884049055853        56.7741184290917     
   56.8596366420391        56.9449597993879        57.0300881572494     
   57.1150219728721        57.1997615046287        57.2843070120025     
   57.3686587555748        57.4528169970113        57.5367819990493     
   57.6205540254848        57.7041333411594        57.7875202119479     
   57.8707149047450        57.9537176874531        58.0365288289695     
   58.1191485991737        58.2015772689152        58.2838151100008     
   58.3658623951827        58.4477193981457        58.5293863934954     
   58.6108636567457        58.6921514643071        58.7732500934746     
   58.8541598224154        58.9348809301575        59.0154136965779     
   59.0957584023902        59.1759153291340        59.2558847591622     
   59.3356669756302        59.4152622624844        59.4946709044503     
   59.5738931870217        59.6529293964492        59.7317798197289     
   59.8104447445917        59.8889244594915        59.9672192535950     
   60.0453294167703        60.1232552395762        60.2009970132512     
   60.2785550297030        60.3559295814978        60.4331209618498     
   60.5101294646101        60.5869553842570        60.6635990158852     
   60.7400606551955        60.8163405984845        60.8924391426345     
   60.9683565851033        61.0440932239141        61.1196493576456     
   61.1950252854219        61.2702213069027        61.3452377222735     
   61.4200748322359        61.4947329379976        61.5692123412634     
   61.6435133442250        61.7176362495517        61.7915813603812     
   61.8653489803101        61.9389394133842        62.0123529640902     
   62.0855899373453        62.1586506384891        62.2315353732742     
   62.3042444478569        62.3767781687886        62.4491368430071     
   62.5213207778273        62.5933302809328        62.6651656603671     
   62.7368272245251        62.8083152821442        62.8796301422965     
   62.9507721143793        63.0217415081078        63.0925386335061     
   63.1631638008991        63.2336173209045        63.3038995044242     
   63.3740106626368        63.4439511069892        63.5137211491886     
   63.5834227378838        63.6559041983072        63.7341310955672     
   63.8185588570828        63.9096790109454        64.0080220475356     
   64.1141605079728        64.2287123173796        64.3523443823666     
   64.4857764736805        64.6297854166215        64.7852096136253     
   64.9529539253390        65.1339949386096        65.3293866520524     
   65.5402666123022        65.7678625366710        66.0134994607670     
   66.2786074526903        66.5647299387142        66.8735326889240     
   67.2068135151264        67.5665127374898        67.9547244808509     
   68.3737088664528        68.8259051700946        69.3139460232963     
   69.8406727401571        70.4091518591382        71.0226929960747     
   71.6848681123533        72.3995323104347        73.1708462777876     
   74.0033005099024        74.9017414534056        75.8713997214792     
   76.9179205458501        78.0473966426379        79.2664036834028     
   80.5820385778998        82.0019607914187        83.5344369372535     
   85.1883889039127        86.9734457972620        88.9000000000000     
