  -88.9000000000000                1  -2.00000000000000     
  -86.9236956349845                2  -1.95260873003097     
  -84.9942210568207                3  -1.90634042629659     
  -83.1104666039730                4  -1.86116847939884     
  -81.2713489090404                5  -1.81706691046634     
  -79.4758102757005                6  -1.77401035621349     
  -77.7228180704168                7  -1.73197405435391     
  -76.0113641285602                8  -1.69093382935930     
  -74.3404641746026                9  -1.65086607855584     
  -72.7091572560497               10  -1.61174775855007     
  -71.1165051907865               11  -1.57355637197635     
  -69.5615920275191               12  -1.53626995455845     
  -68.0435235190011               13  -1.49986706247756     
  -66.5614266077424               14  -1.46432676003980     
  -65.1144489239046               15  -1.42962860763585     
  -63.7017582950937               16  -1.39575264998589     
  -62.3225422677692               17  -1.36267940466316     
  -60.9760076399929               18  -1.33038985088935     
  -59.6613800052505               19  -1.29886541859558     
  -58.3779033070814               20  -1.26808797774253     
  -57.1248394042633               21  -1.23803982789370     
  -55.9014676462986               22  -1.20870368803564     
  -54.7070844589610               23  -1.18006268663952     
  -53.5410029396622               24  -1.15210035195806     
  -52.4025524624069               25  -1.12480060255254     
  -51.2910782921086               26  -1.09814773804409     
  -50.2059412080444               27  -1.07212643008433     
  -49.1465171362323               28  -1.04672171353981     
  -48.1121967905197               29  -1.02191897788541     
  -47.1023853221762               30 -0.997703958801686     
  -46.1165019777897               31 -0.974062729971322     
  -45.1539797652691               32 -0.950981695069899     
  -44.2142651277608               33 -0.928447579946571     
  -43.2951470619020               34 -0.909788551771129     
  -42.3785605338349               35 -0.923384504362964     
  -41.4483981659917               36 -0.936940231323454     
  -40.5047076755881               37 -0.950440749483789     
  -39.5475520450278               38 -0.963870511636856     
  -38.5770100770702               39 -0.977213424278233     
  -37.5931769303433               40 -0.990452869175577     
  -36.5961646312941               41  -1.00357172892288     
  -35.5861025585260               42  -1.01655241661325     
  -34.5631378953504               43  -1.02937690973814     
  -33.5274360462861               44  -1.04202678839035     
  -32.4791810131837               45  -1.05448327781444     
  -31.4185757266212               46  -1.06672729531047     
  -30.3458423282383               47  -1.07873950145540     
  -29.2612223997295               48  -1.09050035556232     
  -28.1649771343234               49  -1.10199017524985     
  -27.0573874467263               50  -1.11318919994434     
  -25.9387540177113               51  -1.12407765808556     
  -24.8093972697917               52  -1.13463583775372     
  -23.6696572707238               53  -1.14484416038204     
  -22.5198935619497               54  -1.15468325716618     
  -21.3604849095017               55  -1.16413404772972     
  -20.1918289753590               56  -1.17317782055574     
  -19.0143419077573               57  -1.18179631464759     
  -17.8284578495134               58  -1.18997180184037     
  -16.6346283640195               59  -1.19768716914726     
  -15.4333217791987               60  -1.20492600049432     
  -14.2250224503648               61  -1.21167265717358     
  -13.0102299436137               62  -1.21791235632859     
  -11.7894581420597               63  -1.22363124677937     
  -10.5632342779222               64  -1.22881648149575     
  -9.33209789415450               65  -1.23345628603959     
  -8.09659973997575               66  -1.23754002231789     
  -6.85730060530684               67  -1.24105824701993     
  -5.61477009972069               68  -1.24400276415238     
  -4.36958538207626               69  -1.24636667113647     
  -3.12232984751300               70  -1.24814439799006     
  -1.87359177892598               71  -1.24933173918396     
 -0.623962970416350               72  -1.24992587783530     
  0.623962970416350               73  -1.24992587783530     
   1.87359177892598               74  -1.24933173918396     
   3.12232984751300               75  -1.24814439799006     
   4.36958538207626               76  -1.24636667113647     
   5.61477009972069               77  -1.24400276415238     
   6.85730060530684               78  -1.24105824701993     
   8.09659973997575               79  -1.23754002231789     
   9.33209789415450               80  -1.23345628603959     
   10.5632342779222               81  -1.22881648149575     
   11.7894581420597               82  -1.22363124677937     
   13.0102299436137               83  -1.21791235632859     
   14.2250224503648               84  -1.21167265717358     
   15.4333217791987               85  -1.20492600049432     
   16.6346283640195               86  -1.19768716914726     
   17.8284578495134               87  -1.18997180184037     
   19.0143419077573               88  -1.18179631464759     
   20.1918289753590               89  -1.17317782055574     
   21.3604849095017               90  -1.16413404772972     
   22.5198935619497               91  -1.15468325716618     
   23.6696572707238               92  -1.14484416038204     
   24.8093972697917               93  -1.13463583775372     
   25.9387540177113               94  -1.12407765808556     
   27.0573874467263               95  -1.11318919994434     
   28.1649771343234               96  -1.10199017524985     
   29.2612223997295               97  -1.09050035556232     
   30.3458423282383               98  -1.07873950145540     
   31.4185757266212               99  -1.06672729531047     
   32.4791810131837              100  -1.05448327781444     
   33.5274360462861              101  -1.04202678839035     
   34.5631378953504              102  -1.02937690973814     
   35.5861025585260              103  -1.01655241661325     
   36.5961646312941              104  -1.00357172892288     
   37.5931769303433              105 -0.990452869175577     
   38.5770100770702              106 -0.977213424278233     
   39.5475520450278              107 -0.963870511636856     
   40.5047076755881              108 -0.950440749483789     
   41.4483981659917              109 -0.936940231323454     
   42.3785605338349              110 -0.923384504362964     
   43.2951470619020              111 -0.909788551771129     
   44.2142651277608              112 -0.928447579946571     
   45.1539797652691              113 -0.950981695069899     
   46.1165019777897              114 -0.974062729971322     
   47.1023853221762              115 -0.997703958801686     
   48.1121967905197              116  -1.02191897788541     
   49.1465171362323              117  -1.04672171353981     
   50.2059412080444              118  -1.07212643008433     
   51.2910782921086              119  -1.09814773804409     
   52.4025524624069              120  -1.12480060255254     
   53.5410029396622              121  -1.15210035195806     
   54.7070844589610              122  -1.18006268663952     
   55.9014676462986              123  -1.20870368803564     
   57.1248394042633              124  -1.23803982789370     
   58.3779033070814              125  -1.26808797774253     
   59.6613800052505              126  -1.29886541859558     
   60.9760076399929              127  -1.33038985088935     
   62.3225422677692              128  -1.36267940466316     
   63.7017582950937              129  -1.39575264998589     
   65.1144489239046              130  -1.42962860763585     
   66.5614266077424              131  -1.46432676003980     
   68.0435235190011              132  -1.49986706247756     
   69.5615920275191              133  -1.53626995455845     
   71.1165051907865              134  -1.57355637197635     
   72.7091572560497              135  -1.61174775855007     
   74.3404641746026              136  -1.65086607855584     
   76.0113641285602              137  -1.69093382935930     
   77.7228180704168              138  -1.73197405435391     
   79.4758102757005              139  -1.77401035621349     
   81.2713489090404              140  -1.81706691046634     
   83.1104666039730              141  -1.86116847939884     
   84.9942210568207              142  -1.90634042629659     
   86.9236956349845              143  -1.95260873003097     
   88.9000000000000              144  -2.00000000000000     
