  -88.4000000000000                1   2.86659526618831     
  -85.5334047338117                2   2.61165034723382     
  -82.9217543865779                3   2.37937933431252     
  -80.5423750522654                4   2.16776568982519     
  -78.3746093624402                5   1.97497221994703     
  -76.3996371424931                6   1.79932512442200     
  -74.6003120180711                7   1.63929946491253     
  -72.9610125531586                8   1.49350592574299     
  -71.4675066274156                9   1.36067875209636     
  -70.1068278753193               10   1.23966476094526     
  -68.8671631143740               11   1.12941332931217     
  -67.7377497850618               12   1.02896727293867     
  -66.7087825121232               13  0.937454536173760     
  -65.7713279759494               14  0.854080620934553     
  -64.9172473550148               15  0.778121689008231     
  -64.1391256660066               16  0.708918277811392     
  -63.4302073881952               17  0.645869575047605     
  -62.7843378131476               18  0.588428202556742     
  -62.1959096105909               19  0.536095464070492     
  -61.6598141465204               20  0.488417015615838     
  -61.1713971309045               21  0.444978920977618     
  -60.7264182099269               22  0.405404057974394     
  -60.3210141519525               23  0.369348844347556     
  -59.9516653076050               24  0.336500254838327     
  -59.6151650527666               25  0.319987431481152     
  -59.2951776212855               26  0.320635679012824     
  -58.9745419422727               27  0.323646911049785     
  -58.6508950312229               28  0.326675997962674     
  -58.3242190332602               29  0.329722714767918     
  -57.9944963184923               30  0.332786824119800     
  -57.6617094943725               31  0.335868076033591     
  -57.3258414183389               32  0.338966207608642     
  -56.9868752107303               33  0.342080942751792     
  -56.6447942679785               34  0.345211991901444     
  -56.2995822760770               35  0.348359051752624     
  -55.9512232243244               36  0.351521804983548     
  -55.5997014193408               37  0.354699919984078     
  -55.2450014993568               38  0.357893050586419     
  -54.8871084487703               39  0.361100835798723     
  -54.5260076129716               40  0.364322899541854     
  -54.1616847134298               41  0.367558850389997     
  -53.7941258630398               42  0.370808281315568     
  -53.4233175817242               43  0.374070769438951     
  -53.0492468122853               44  0.377345875783682     
  -52.6719009365016               45  0.380633145037677     
  -52.2912677914639               46  0.383932105320966     
  -51.9073356861429               47  0.387242267960872     
  -51.5200934181821               48  0.390563127274923     
  -51.1295302909071               49  0.393894160362414     
  -50.7356361305447               50  0.397234826905233     
  -50.3384013036395               51  0.400584568978687     
  -49.9378167346608               52  0.403942810872948     
  -49.5338739237879               53  0.407308958926016     
  -49.1265649648618               54  0.410682401368902     
  -48.7158825634929               55  0.414062508183697     
  -48.3018200553092               56  0.417448630975528     
  -47.8843714243337               57  0.420840102858975     
  -47.4635313214747               58  0.424236238360038     
  -47.0392950831147               59  0.427636333334149     
  -46.6116587497805               60  0.431039664901334     
  -46.1806190848792               61  0.434445491399330     
  -45.7461735934799               62  0.437853052355294     
  -45.3083205411246               63  0.441261568477273     
  -44.8670589726473               64  0.444670241666032     
  -44.4223887309813               65  0.448078255048287     
  -43.9743104759330               66  0.451484773031936     
  -43.5228257029011               67  0.454888941384560     
  -43.0679367615165               68  0.458289887335496     
  -42.6096468741810               69  0.461686719702826     
  -42.1479601544782               70  0.465078529045705     
  -41.6828816254325               71  0.468464387843049     
  -41.2144172375894               72  0.471843350699324     
  -40.7425738868901               73  0.475214454578094     
  -40.2673594323120               74  0.478576719064165     
  -39.7887827132478               75  0.481929146655077     
  -39.3068535665928               76  0.485270723082394     
  -38.8215828435104               77  0.488600417663662     
  -38.3329824258467               78  0.491917183685445     
  -37.8410652421613               79  0.495219958818268     
  -37.3458452833430               80  0.498507665563466     
  -36.8473376177795               81  0.501779211732995     
  -36.3455584060465               82  0.505033490962120     
  -35.8405249150844               83  0.508269383255630     
  -35.3322555318288               84  0.511485755567584     
  -34.8207697762612               85  0.514681462415112     
  -34.3060883138461               86  0.517855346526034     
  -33.7882329673201               87  0.521006239520844     
  -33.2672267277992               88  0.524132962628443     
  -32.7430937651708               89  0.527234327436069     
  -32.2158594377347               90  0.530309136673040     
  -31.6855503010617               91  0.533356185027849     
  -31.1521941160338               92  0.536374259998635     
  -30.6158198560352               93  0.539362142776284     
  -30.0764577132589               94  0.542318609159732     
  -29.5341391040992               95  0.545242430502839     
  -28.9888966735963               96  0.548132374692059     
  -28.4407642989043               97  0.550987207154037     
  -27.8897770917502               98  0.553805691892322     
  -27.3359713998579               99  0.556586592551898     
  -26.7793848073060              100  0.559328673510681     
  -26.2200561337953              101  0.562030700996459     
  -25.6580254327989              102  0.564691444228085     
  -25.0933339885708              103  0.567309676579363     
  -24.5260243119914              104  0.569884176764091     
  -23.9561401352273              105  0.572413730040587     
  -23.3837264051867              106  0.574897129433925     
  -22.8088292757528              107  0.577333176973980     
  -22.2314960987788              108  0.579720684947397     
  -21.6517754138314              109  0.582058477161297     
  -21.0697169366701              110  0.584345390216743     
  -20.4853715464534              111  0.586580274789576     
  -19.8987912716638              112  0.588761996916450     
  -19.3100292747474              113  0.590889439283590     
  -18.7191398354638              114  0.592961502515923     
  -18.1261783329479              115  0.594977106463958     
  -17.5312012264839              116  0.596935191486004     
  -16.9342660349979              117  0.598834719723001     
  -16.3354313152749              118  0.600674676363351     
  -15.7347566389115              119  0.602454070895138     
  -15.1323025680164              120  0.604171938342951     
  -14.5281306296735              121  0.605827340486652     
  -13.9223032891868              122  0.607419367059354     
  -13.3148839221274              123  0.608947136921888     
  -12.7059367852056              124  0.610409799211098     
  -12.0955269859945              125  0.611806534459223     
  -11.4837204515352              126  0.613136555681780     
  -10.8705838958535              127  0.614399109431318     
  -10.2561847864221              128  0.615593476814446     
  -9.64059130960770              129  0.616718974469782     
  -9.02387233513791              130  0.617774955504194     
  -8.40609737963372              131  0.618760810385203     
  -7.78733656924852              132  0.619675967787143     
  -7.16766060146137              133  0.620519895389001     
  -6.54714070607237              134  0.621292100621863     
  -5.92584860545051              135  0.621992131364052     
  -5.30385647408646              136  0.622619576582123     
  -4.68123689750434              137  0.623174066916057     
  -4.05806283058828              138  0.623655275207126     
  -3.43440755538115              139  0.624062916966976     
  -2.81034463841418              140  0.624396750786763     
  -2.18594788762741              141  0.624656578685176     
  -1.56129130894224              142  0.624842246394461     
 -0.936449062547775              143  0.624953643583665     
 -0.311495418964110              144  0.622990837928220     
  0.311495418964110              145  0.624953643583665     
  0.936449062547775              146  0.624842246394461     
   1.56129130894224              147  0.624656578685176     
   2.18594788762741              148  0.624396750786763     
   2.81034463841418              149  0.624062916966976     
   3.43440755538115              150  0.623655275207126     
   4.05806283058828              151  0.623174066916057     
   4.68123689750434              152  0.622619576582123     
   5.30385647408646              153  0.621992131364052     
   5.92584860545051              154  0.621292100621863     
   6.54714070607237              155  0.620519895389001     
   7.16766060146137              156  0.619675967787143     
   7.78733656924852              157  0.618760810385203     
   8.40609737963372              158  0.617774955504194     
   9.02387233513791              159  0.616718974469782     
   9.64059130960770              160  0.615593476814446     
   10.2561847864221              161  0.614399109431318     
   10.8705838958535              162  0.613136555681780     
   11.4837204515352              163  0.611806534459223     
   12.0955269859945              164  0.610409799211098     
   12.7059367852056              165  0.608947136921888     
   13.3148839221274              166  0.607419367059354     
   13.9223032891868              167  0.605827340486652     
   14.5281306296735              168  0.604171938342951     
   15.1323025680164              169  0.602454070895138     
   15.7347566389115              170  0.600674676363351     
   16.3354313152749              171  0.598834719723001     
   16.9342660349979              172  0.596935191486004     
   17.5312012264839              173  0.594977106463958     
   18.1261783329479              174  0.592961502515923     
   18.7191398354638              175  0.590889439283590     
   19.3100292747474              176  0.588761996916450     
   19.8987912716638              177  0.586580274789576     
   20.4853715464534              178  0.584345390216743     
   21.0697169366701              179  0.582058477161297     
   21.6517754138314              180  0.579720684947397     
   22.2314960987788              181  0.577333176973980     
   22.8088292757528              182  0.574897129433925     
   23.3837264051867              183  0.572413730040587     
   23.9561401352273              184  0.569884176764091     
   24.5260243119914              185  0.567309676579363     
   25.0933339885708              186  0.564691444228085     
   25.6580254327989              187  0.562030700996459     
   26.2200561337953              188  0.559328673510681     
   26.7793848073060              189  0.556586592551898     
   27.3359713998579              190  0.553805691892322     
   27.8897770917502              191  0.550987207154037     
   28.4407642989043              192  0.548132374692059     
   28.9888966735963              193  0.545242430502839     
   29.5341391040992              194  0.542318609159732     
   30.0764577132589              195  0.539362142776284     
   30.6158198560352              196  0.536374259998635     
   31.1521941160338              197  0.533356185027849     
   31.6855503010617              198  0.530309136673040     
   32.2158594377347              199  0.527234327436069     
   32.7430937651708              200  0.524132962628443     
   33.2672267277992              201  0.521006239520844     
   33.7882329673201              202  0.517855346526034     
   34.3060883138461              203  0.514681462415112     
   34.8207697762612              204  0.511485755567584     
   35.3322555318288              205  0.508269383255630     
   35.8405249150844              206  0.505033490962120     
   36.3455584060465              207  0.501779211732995     
   36.8473376177795              208  0.498507665563466     
   37.3458452833430              209  0.495219958818268     
   37.8410652421613              210  0.491917183685445     
   38.3329824258467              211  0.488600417663662     
   38.8215828435104              212  0.485270723082394     
   39.3068535665928              213  0.481929146655077     
   39.7887827132478              214  0.478576719064165     
   40.2673594323120              215  0.475214454578094     
   40.7425738868901              216  0.471843350699324     
   41.2144172375894              217  0.468464387843049     
   41.6828816254325              218  0.465078529045705     
   42.1479601544782              219  0.461686719702826     
   42.6096468741810              220  0.458289887335496     
   43.0679367615165              221  0.454888941384560     
   43.5228257029011              222  0.451484773031936     
   43.9743104759330              223  0.448078255048287     
   44.4223887309813              224  0.444670241666032     
   44.8670589726473              225  0.441261568477273     
   45.3083205411246              226  0.437853052355294     
   45.7461735934799              227  0.434445491399330     
   46.1806190848792              228  0.431039664901334     
   46.6116587497805              229  0.427636333334149     
   47.0392950831147              230  0.424236238360038     
   47.4635313214747              231  0.420840102858975     
   47.8843714243337              232  0.417448630975528     
   48.3018200553092              233  0.414062508183697     
   48.7158825634929              234  0.410682401368902     
   49.1265649648618              235  0.407308958926016     
   49.5338739237879              236  0.403942810872948     
   49.9378167346608              237  0.400584568978687     
   50.3384013036395              238  0.397234826905233     
   50.7356361305447              239  0.393894160362414     
   51.1295302909071              240  0.390563127274923     
   51.5200934181821              241  0.387242267960872     
   51.9073356861429              242  0.383932105320966     
   52.2912677914639              243  0.380633145037677     
   52.6719009365016              244  0.377345875783682     
   53.0492468122853              245  0.374070769438951     
   53.4233175817242              246  0.370808281315568     
   53.7941258630398              247  0.367558850389997     
   54.1616847134298              248  0.364322899541854     
   54.5260076129716              249  0.361100835798723     
   54.8871084487703              250  0.357893050586419     
   55.2450014993568              251  0.354699919984078     
   55.5997014193408              252  0.351521804983548     
   55.9512232243244              253  0.348359051752624     
   56.2995822760770              254  0.345211991901444     
   56.6447942679785              255  0.342080942751792     
   56.9868752107303              256  0.338966207608642     
   57.3258414183389              257  0.335868076033591     
   57.6617094943725              258  0.332786824119800     
   57.9944963184923              259  0.329722714767918     
   58.3242190332602              260  0.326675997962674     
   58.6508950312229              261  0.323646911049785     
   58.9745419422727              262  0.320635679012824     
   59.2951776212855              263  0.319987431481152     
   59.6151650527666              264  0.336500254838327     
   59.9516653076050              265  0.369348844347556     
   60.3210141519525              266  0.405404057974394     
   60.7264182099269              267  0.444978920977618     
   61.1713971309045              268  0.488417015615838     
   61.6598141465204              269  0.536095464070492     
   62.1959096105909              270  0.588428202556742     
   62.7843378131476              271  0.645869575047605     
   63.4302073881952              272  0.708918277811392     
   64.1391256660066              273  0.778121689008231     
   64.9172473550148              274  0.854080620934553     
   65.7713279759494              275  0.937454536173760     
   66.7087825121232              276   1.02896727293867     
   67.7377497850618              277   1.12941332931217     
   68.8671631143740              278   1.23966476094526     
   70.1068278753193              279   1.36067875209636     
   71.4675066274156              280   1.49350592574299     
   72.9610125531586              281   1.63929946491253     
   74.6003120180711              282   1.79932512442200     
   76.3996371424931              283   1.97497221994703     
   78.3746093624402              284   2.16776568982519     
   80.5423750522654              285   2.37937933431252     
   82.9217543865779              286   2.61165034723382     
   85.5334047338117              287   2.86659526618831     
   88.4000000000000              288  0.000000000000000E+000
