  -88.9000015258789                1   215.067363339115     
  -86.9643952558269                2   201.218373623637     
  -85.1534298932141                3   188.261172011949     
  -83.4590793451066                4   176.138332941723     
  -81.8738343486311                5   164.796128696791     
  -80.3906691903600                6   154.184291289018     
  -79.0030105687588                7   144.255789673537     
  -77.7047084616970                8   134.966621309870     
  -76.4900088699082                9   126.275617145254     
  -75.3535283156009               10   118.144259155789     
  -74.2902299831988               11   110.536509636808     
  -73.2954013964675               12   103.418651485867     
  -72.3646335330947               13   96.7591387705021     
  -71.4938012841602               14   90.5284569185183     
  -70.6790451718935               15   84.6989919110999     
  -69.9167542446936               16   79.2449078991129     
  -69.2035500736016               17   74.1420327001063     
  -68.5362717793006               18   69.3677506686233     
  -67.9119620232830               19   64.9009024649685     
  -67.3278539010983               20   60.7216912782620     
  -66.7813586795940               21   56.8115950881065     
  -66.2700543238010               22   53.1532845760915     
  -65.7916747626162               23   49.7305463232496     
  -65.3440998457069               24   46.5282109531447     
  -64.9253459471286               25   43.5320859020673     
  -64.5335571740100               26   40.7288925184162     
  -64.1669971413443               27   38.1062072125076     
  -63.8240412764317               28   35.6524063959240     
  -63.5031696188684               29   33.3566149664695     
  -63.2029600841702               30   31.2086581103412     
  -62.9220821611771               31   29.1990162079448     
  -62.6592910153056               32   27.3187826435048     
  -62.4134219715140               33   25.5596243314523     
  -62.1833853525310               34   23.9137447846810     
  -61.9681616494688               35   22.3738495609717     
  -61.7667970034201               36   20.9331139344463     
  -61.5783989780101               37   19.5851526487816     
  -61.4021326041710               38   18.3239916181258     
  -61.2372166796079               39   17.2523027418513     
  -61.0819459549312               40   16.8303616591656     
  -60.9304726999988               41   16.9107849624908     
  -60.7782756353363               42   16.9914726673284     
  -60.6253523813304               43   17.0724237414659     
  -60.4717005676572               44   17.1536371164080     
  -60.3173178336095               45   17.2351116869136     
  -60.1622018284273               46   17.3168463105198     
  -60.0063502116326               47   17.3988398070798     
  -59.8497606533689               48   17.4810909583003     
  -59.6924308347442               49   17.5635985072518     
  -59.5343584481789               50   17.6463611579136     
  -59.3755411977577               51   17.7293775746858     
  -59.2159767995855               52   17.8126463819237     
  -59.0556629821482               53   17.8961661634555     
  -58.8945974866771               54   17.9799354621066     
  -58.7327780675182               55   18.0639527792200     
  -58.5702024925052               56   18.1482165741771     
  -58.4068685433376               57   18.2327252639212     
  -58.2427740159623               58   18.3174772224698     
  -58.0779167209601               59   18.4024707804432     
  -57.9122944839361               60   18.4877042245759     
  -57.7459051459149               61   18.5731757972394     
  -57.5787465637397               62   18.6588836959605     
  -57.4108166104761               63   18.7448260729421     
  -57.2421131758196               64   18.8310010345797     
  -57.0726341665084               65   18.9174066409860     
  -56.9023775067395               66   19.0040409055072     
  -56.7313411385900               67   19.0909017942502     
  -56.5595230224417               68   19.1779872256027     
  -56.3869211374113               69   19.2652950697570     
  -56.2135334817835               70   19.3528231482382     
  -56.0393580734493               71   19.4405692334282     
  -55.8643929503485               72   19.5285310481010     
  -55.6886361709156               73   19.6167062649440     
  -55.5120858145311               74   19.7050925061054     
  -55.3347399819761               75   19.7936873427125     
  -55.1565967958917               76   19.8824882944280     
  -54.9776544012419               77   19.9714928289794     
  -54.7979109657810               78   20.0606983617059     
  -54.6173646805257               79   20.1501022551117     
  -54.4360137602297               80   20.2397018184060     
  -54.2538564438640               81   20.3294943070710     
  -54.0708909951004               82   20.4194769224107     
  -53.8871157027987               83   20.5096468111168     
  -53.7025288814987               84   20.6000010648416     
  -53.5171288719151               85   20.6905367197589     
  -53.3309140414372               86   20.7812507561529     
  -53.1438827846319               87   20.8721400979941     
  -52.9560335237499               88   20.9632016125272     
  -52.7673647092372               89   21.0544321098677     
  -52.5778748202484               90   21.1458283425985     
  -52.3875623651650               91   21.2373870053781     
  -52.1964258821166               92   21.3291047345526     
  -52.0044639395056               93   21.4209781077722     
  -51.8116751365357               94   21.5130036436225     
  -51.6180581037431               95   21.6051778012548     
  -51.4236115035318               96   21.6974969800279     
  -51.2283340307115               97   21.7899575191609     
  -51.0322244130391               98   21.8825556973883     
  -50.8352814117626               99   21.9752877326261     
  -50.6375038221689              100   22.0681497816505     
  -50.4388904741341              101   22.1611379397796     
  -50.2394402326761              102   22.2542482405722     
  -50.0391519985109              103   22.3474766555248     
  -49.8380247086112              104   22.4408190937966     
  -49.6360573367670              105   22.5342714019242     
  -49.4332488941497              106   22.6278293635652     
  -49.2295984298776              107   22.7214886992463     
  -49.0251050315844              108   22.8152450661120     
  -48.8197678259894              109   22.9090940577110     
  -48.6135859794700              110   23.0030312037665     
  -48.4065586986361              111   23.0970519699791     
  -48.1986852309063              112   23.1911517578346     
  -47.9899648650858              113   23.2853259044224     
  -47.7803969319460              114   23.3795696822815     
  -47.5699808048054              115   23.4738782992384     
  -47.3587159001123              116   23.5682468982795     
  -47.1466016780278              117   23.6626705574281     
  -46.9336376430109              118   23.7571442896396     
  -46.7198233444042              119   23.8516630427089     
  -46.5051583770198              120   23.9462216992052     
  -46.2896423817269              121   24.0408150763985     
  -46.0732750460393              122   24.1354379262364     
  -45.8560561047032              123   24.2300849353059     
  -45.6379853402855              124   24.3247507248338     
  -45.4190625837620              125   24.4194298506970     
  -45.1992877151057              126   24.5141168034506     
  -44.9786606638746              127   24.6088060083767     
  -44.7571814097992              128   24.7034918255448     
  -44.5348499833693              129   24.7981685499133     
  -44.3116664664201              130   24.8928304114142     
  -44.0876309927174              131   24.9874715750964     
  -43.8627437485415              132   25.0820861412583     
  -43.6370049732702              133   25.1766681456244     
  -43.4104149599596              134   25.2712115595249     
  -43.1829740559239              135   25.3657102901117     
  -42.9546826633129              136   25.4601581805803     
  -42.7255412396876              137   25.5545490104336     
  -42.4955502985937              138   25.6488764957486     
  -42.2647104101320              139   25.7431342894752     
  -42.0330222015267              140   25.8373159817640     
  -41.8004863576908              141   25.9314151003049     
  -41.5671036217881              142   26.0254251106965     
  -41.3328747957918              143   26.1193394168428     
  -41.0978007410402              144   26.2131513613681     
  -40.8618823787879              145   26.3068542260546     
  -40.6251206907534              146   26.4004412323213     
  -40.3875167196625              147   26.4939055417036     
  -40.1490715697872              148   26.5872402563774     
  -39.9097864074798              149   26.6804384197078     
  -39.6696624617024              150   26.7734930168141     
  -39.4287010245511              151   26.8663969751665     
  -39.1869034517746              152   26.9591431652137     
  -38.9442711632877              153   27.0517244010312     
  -38.7008056436784              154   27.1441334410041     
  -38.4565084427094              155   27.2363629885240     
  -38.2113811758127              156   27.3284056927328     
  -37.9654255245781              157   27.4202541492801     
  -37.7186432372345              158   27.5119009011083     
  -37.4710361291246              159   27.6033384392831     
  -37.2226060831710              160   27.6945592038239     
  -36.9733550503366              161   27.7855555845940     
  -36.7232850500753              162   27.8763199221983     
  -36.4723981707755              163   27.9668445089116     
  -36.2206965701953              164   28.0571215896567     
  -35.9681824758884              165   28.1471433629758     
  -35.7148581856216              166   28.2369019820708     
  -35.4607260677829              167   28.3263895558371     
  -35.2057885617804              168   28.4155981499584     
  -34.9500481784308              169   28.5045197880041     
  -34.6935075003387              170   28.5931464525780     
  -34.4361691822655              171   28.6814700864792     
  -34.1780359514872              172   28.7694825939076     
  -33.9191106081421              173   28.8571758416857     
  -33.6593960255669              174   28.9445416605195     
  -33.3988951506222              175   29.0315718462869     
  -33.1376110040056              176   29.1182581613501     
  -32.8755466805535              177   29.2045923359044     
  -32.6127053495303              178   29.2905660693524     
  -32.3490902549062              179   29.3761710317087     
  -32.0847047156208              180   29.4613988650343     
  -31.8195521258355              181   29.5462411848971     
  -31.5536359551714              182   29.6306895818610     
  -31.2869597489347              183   29.7147356230091     
  -31.0195271283276              184   29.7983708534891     
  -30.7513417906462              185   29.8815867980882     
  -30.4824075094634              186   29.9643749628377     
  -30.2127281347978              187   30.0467268366415     
  -29.9423075932681              188   30.1286338929355     
  -29.6711498882317              189   30.2100875913717     
  -29.3992590999093              190   30.2910793795266     
  -29.1266393854936              191   30.3716006946431     
  -28.8532949792418              192   30.4516429653883     
  -28.5792301925533              193   30.5311976136424     
  -28.3044494140305              194   30.6102560563125     
  -28.0289571095237              195   30.6888097071685     
  -27.7527578221592              196   30.7668499787034     
  -27.4758561723508              197   30.8443682840181     
  -27.1982568577947              198   30.9213560387265     
  -26.9199646534461              199   30.9978046628861     
  -26.6409844114802              200   31.0737055829493     
  -26.3613210612336              201   31.1490502337305     
  -26.0809796091301              202   31.2238300604035     
  -25.7999651385864              203   31.2980365205103     
  -25.5182828099018              204   31.3716610859917     
  -25.2359378601279              205   31.4446952452390     
  -24.9529356029207              206   31.5171305051574     
  -24.6692814283743              207   31.5889583932514     
  -24.3849808028351              208   31.6601704597276     
  -24.1000392686975              209   31.7307582796036     
  -23.8144624441811              210   31.8007134548463     
  -23.5282560230875              211   31.8700276165060     
  -23.2414257745389              212   31.9386924268841     
  -22.9539775426970              213   32.0066995816914     
  -22.6659172464617              214   32.0740408122353     
  -22.3772508791516              215   32.1407078876064     
  -22.0879845081632              216   32.2066926168804     
  -21.7981242746112              217   32.2719868513239     
  -21.5076763929493              218   32.3365824866117     
  -21.2166471505698              219   32.4004714650480     
  -20.9250429073844              220   32.4636457777928     
  -20.6328700953843              221   32.5260974670974     
  -20.3401352181804              222   32.5878186285355     
  -20.0468448505236              223   32.6488014132435     
  -19.7530056378044              224   32.7090380301603     
  -19.4586242955329              225   32.7685207482639     
  -19.1637076087985              226   32.8272418988141     
  -18.8682624317092              227   32.8851938775867     
  -18.5722956868109              228   32.9423691471074     
  -18.2758143644870              229   32.9987602388830     
  -17.9788255223370              230   33.0543597556247     
  -17.6813362845364              231   33.1091603734686     
  -17.3833538411752              232   33.1631548441820     
  -17.0848854475775              233   33.2163359973710     
  -16.7859384236012              234   33.2686967426679     
  -16.4865201529172              235   33.3202300719155     
  -16.1866380822700              236   33.3709290613358     
  -15.8862997207179              237   33.4207868736840     
  -15.5855126388548              238   33.4697967603920     
  -15.2842844680113              239   33.5179520636931     
  -14.9826228994380              240   33.5652462187305     
  -14.6805356834694              241   33.6116727556488     
  -14.3780306286686              242   33.6572253016642     
  -14.0751156009536              243   33.7018975831176     
  -13.7717985227056              244   33.7456834275023     
  -13.4680873718580              245   33.7885767654712     
  -13.1639901809688              246   33.8305716328209     
  -12.8595150362734              247   33.8716621724478     
  -12.5546700767214              248   33.9118426362809     
  -12.2494634929949              249   33.9511073871850     
  -11.9439035265102              250   33.9894509008379     
  -11.6379984684026              251   34.0268677675747     
  -11.3317566584945              252   34.0633526942039     
  -11.0251864842466              253   34.0989005057916     
  -10.7182963796945              254   34.1335061474108     
  -10.4110948243678              255   34.1671646858585     
  -10.1035903421951              256   34.1998713113373     
  -9.79579150039306              257   34.2316213390998     
  -9.48770690834116              258   34.2624102110576     
  -9.17934521644164              259   34.2922334973519     
  -8.87071511496547              260   34.3210868978817     
  -8.56182533288454              261   34.3489662437983     
  -8.25268463669035              262   34.3758674989516     
  -7.94330182919979              263   34.4017867612989     
  -7.63368574834810              264   34.4267202642712     
  -7.32384526596966              265   34.4506643780917     
  -7.01378928656683              266   34.4736156110539     
  -6.70352674606735              267   34.4955706107518     
  -6.39306661057058              268   34.5165261652650     
  -6.08241787508320              269   34.5364792042962     
  -5.77158956224453              270   34.5554268002605     
  -5.46059072104219              271   34.5733661693282     
  -5.14943042551823              272   34.5902946724158     
  -4.83811777346649              273   34.6062098161290     
  -4.52666188512133              274   34.6211092536545     
  -4.21507190183844              275   34.6349907856014     
  -3.90335698476803              276   34.6478523607899     
  -3.59152631352092              277   34.6596920769893     
  -3.27958908482801              278   34.6705081816018     
  -2.96755451119360              279   34.6802990722952     
  -2.65543181954294              280   34.6890632975797     
  -2.34323024986472              281   34.6967995573334     
  -2.03095905384872              282   34.7035067032712     
  -1.71862749351928              283   34.7091837393612     
  -1.40624483986503              284   34.7138298221846     
  -1.09382037146537              285   34.7174442612415     
 -0.781363373114195              286   34.7200265192015     
 -0.468883134441382              287   34.7215762120981     
 -0.156388948532499              288   34.7530996738887     
  0.156388948532499              289   34.7215762120981     
  0.468883134441382              290   34.7200265192015     
  0.781363373114195              291   34.7174442612415     
   1.09382037146537              292   34.7138298221846     
   1.40624483986503              293   34.7091837393612     
   1.71862749351928              294   34.7035067032712     
   2.03095905384872              295   34.6967995573334     
   2.34323024986472              296   34.6890632975797     
   2.65543181954294              297   34.6802990722952     
   2.96755451119360              298   34.6705081816018     
   3.27958908482801              299   34.6596920769893     
   3.59152631352092              300   34.6478523607899     
   3.90335698476803              301   34.6349907856014     
   4.21507190183844              302   34.6211092536545     
   4.52666188512133              303   34.6062098161290     
   4.83811777346649              304   34.5902946724158     
   5.14943042551823              305   34.5733661693282     
   5.46059072104219              306   34.5554268002605     
   5.77158956224453              307   34.5364792042962     
   6.08241787508320              308   34.5165261652650     
   6.39306661057058              309   34.4955706107518     
   6.70352674606735              310   34.4736156110539     
   7.01378928656683              311   34.4506643780917     
   7.32384526596966              312   34.4267202642712     
   7.63368574834810              313   34.4017867612989     
   7.94330182919979              314   34.3758674989516     
   8.25268463669035              315   34.3489662437983     
   8.56182533288454              316   34.3210868978817     
   8.87071511496547              317   34.2922334973519     
   9.17934521644164              318   34.2624102110576     
   9.48770690834116              319   34.2316213390998     
   9.79579150039306              320   34.1998713113373     
   10.1035903421951              321   34.1671646858585     
   10.4110948243678              322   34.1335061474108     
   10.7182963796945              323   34.0989005057916     
   11.0251864842466              324   34.0633526942039     
   11.3317566584945              325   34.0268677675747     
   11.6379984684026              326   33.9894509008379     
   11.9439035265102              327   33.9511073871850     
   12.2494634929949              328   33.9118426362809     
   12.5546700767214              329   33.8716621724478     
   12.8595150362734              330   33.8305716328209     
   13.1639901809688              331   33.7885767654712     
   13.4680873718580              332   33.7456834275023     
   13.7717985227056              333   33.7018975831176     
   14.0751156009536              334   33.6572253016642     
   14.3780306286686              335   33.6116727556488     
   14.6805356834694              336   33.5652462187305     
   14.9826228994380              337   33.5179520636931     
   15.2842844680113              338   33.4697967603920     
   15.5855126388548              339   33.4207868736840     
   15.8862997207179              340   33.3709290613358     
   16.1866380822700              341   33.3202300719155     
   16.4865201529172              342   33.2686967426679     
   16.7859384236012              343   33.2163359973710     
   17.0848854475775              344   33.1631548441820     
   17.3833538411752              345   33.1091603734686     
   17.6813362845364              346   33.0543597556247     
   17.9788255223370              347   32.9987602388830     
   18.2758143644870              348   32.9423691471074     
   18.5722956868109              349   32.8851938775867     
   18.8682624317092              350   32.8272418988141     
   19.1637076087985              351   32.7685207482639     
   19.4586242955329              352   32.7090380301603     
   19.7530056378044              353   32.6488014132435     
   20.0468448505236              354   32.5878186285355     
   20.3401352181804              355   32.5260974670974     
   20.6328700953843              356   32.4636457777928     
   20.9250429073844              357   32.4004714650480     
   21.2166471505698              358   32.3365824866117     
   21.5076763929493              359   32.2719868513239     
   21.7981242746112              360   32.2066926168804     
   22.0879845081632              361   32.1407078876064     
   22.3772508791516              362   32.0740408122353     
   22.6659172464617              363   32.0066995816914     
   22.9539775426970              364   31.9386924268841     
   23.2414257745389              365   31.8700276165060     
   23.5282560230875              366   31.8007134548463     
   23.8144624441811              367   31.7307582796036     
   24.1000392686975              368   31.6601704597276     
   24.3849808028351              369   31.5889583932514     
   24.6692814283743              370   31.5171305051574     
   24.9529356029207              371   31.4446952452390     
   25.2359378601279              372   31.3716610859917     
   25.5182828099018              373   31.2980365205103     
   25.7999651385864              374   31.2238300604035     
   26.0809796091301              375   31.1490502337305     
   26.3613210612336              376   31.0737055829493     
   26.6409844114802              377   30.9978046628861     
   26.9199646534461              378   30.9213560387265     
   27.1982568577947              379   30.8443682840181     
   27.4758561723508              380   30.7668499787034     
   27.7527578221592              381   30.6888097071685     
   28.0289571095237              382   30.6102560563125     
   28.3044494140305              383   30.5311976136424     
   28.5792301925533              384   30.4516429653883     
   28.8532949792418              385   30.3716006946431     
   29.1266393854936              386   30.2910793795266     
   29.3992590999093              387   30.2100875913717     
   29.6711498882317              388   30.1286338929355     
   29.9423075932681              389   30.0467268366415     
   30.2127281347978              390   29.9643749628377     
   30.4824075094634              391   29.8815867980882     
   30.7513417906462              392   29.7983708534891     
   31.0195271283276              393   29.7147356230091     
   31.2869597489347              394   29.6306895818610     
   31.5536359551714              395   29.5462411848971     
   31.8195521258355              396   29.4613988650343     
   32.0847047156208              397   29.3761710317087     
   32.3490902549062              398   29.2905660693524     
   32.6127053495303              399   29.2045923359044     
   32.8755466805535              400   29.1182581613501     
   33.1376110040056              401   29.0315718462869     
   33.3988951506222              402   28.9445416605195     
   33.6593960255669              403   28.8571758416857     
   33.9191106081421              404   28.7694825939076     
   34.1780359514872              405   28.6814700864792     
   34.4361691822655              406   28.5931464525780     
   34.6935075003387              407   28.5045197880041     
   34.9500481784308              408   28.4155981499584     
   35.2057885617804              409   28.3263895558371     
   35.4607260677829              410   28.2369019820708     
   35.7148581856216              411   28.1471433629758     
   35.9681824758884              412   28.0571215896567     
   36.2206965701953              413   27.9668445089116     
   36.4723981707755              414   27.8763199221983     
   36.7232850500753              415   27.7855555845940     
   36.9733550503366              416   27.6945592038239     
   37.2226060831710              417   27.6033384392831     
   37.4710361291246              418   27.5119009011083     
   37.7186432372345              419   27.4202541492801     
   37.9654255245781              420   27.3284056927328     
   38.2113811758127              421   27.2363629885240     
   38.4565084427094              422   27.1441334410041     
   38.7008056436784              423   27.0517244010312     
   38.9442711632877              424   26.9591431652137     
   39.1869034517746              425   26.8663969751665     
   39.4287010245511              426   26.7734930168141     
   39.6696624617024              427   26.6804384197078     
   39.9097864074798              428   26.5872402563774     
   40.1490715697872              429   26.4939055417036     
   40.3875167196625              430   26.4004412323213     
   40.6251206907534              431   26.3068542260546     
   40.8618823787879              432   26.2131513613681     
   41.0978007410402              433   26.1193394168428     
   41.3328747957918              434   26.0254251106965     
   41.5671036217881              435   25.9314151003049     
   41.8004863576908              436   25.8373159817640     
   42.0330222015267              437   25.7431342894752     
   42.2647104101320              438   25.6488764957486     
   42.4955502985937              439   25.5545490104336     
   42.7255412396876              440   25.4601581805803     
   42.9546826633129              441   25.3657102901117     
   43.1829740559239              442   25.2712115595249     
   43.4104149599596              443   25.1766681456244     
   43.6370049732702              444   25.0820861412583     
   43.8627437485415              445   24.9874715750964     
   44.0876309927174              446   24.8928304114142     
   44.3116664664201              447   24.7981685499133     
   44.5348499833693              448   24.7034918255448     
   44.7571814097992              449   24.6088060083767     
   44.9786606638746              450   24.5141168034506     
   45.1992877151057              451   24.4194298506970     
   45.4190625837620              452   24.3247507248338     
   45.6379853402855              453   24.2300849353059     
   45.8560561047032              454   24.1354379262364     
   46.0732750460393              455   24.0408150763985     
   46.2896423817269              456   23.9462216992052     
   46.5051583770198              457   23.8516630427089     
   46.7198233444042              458   23.7571442896396     
   46.9336376430109              459   23.6626705574281     
   47.1466016780278              460   23.5682468982795     
   47.3587159001123              461   23.4738782992384     
   47.5699808048054              462   23.3795696822815     
   47.7803969319460              463   23.2853259044224     
   47.9899648650858              464   23.1911517578346     
   48.1986852309063              465   23.0970519699791     
   48.4065586986361              466   23.0030312037665     
   48.6135859794700              467   22.9090940577110     
   48.8197678259894              468   22.8152450661120     
   49.0251050315844              469   22.7214886992463     
   49.2295984298776              470   22.6278293635652     
   49.4332488941497              471   22.5342714019242     
   49.6360573367670              472   22.4408190937966     
   49.8380247086112              473   22.3474766555248     
   50.0391519985109              474   22.2542482405722     
   50.2394402326761              475   22.1611379397796     
   50.4388904741341              476   22.0681497816505     
   50.6375038221689              477   21.9752877326261     
   50.8352814117626              478   21.8825556973883     
   51.0322244130391              479   21.7899575191609     
   51.2283340307115              480   21.6974969800279     
   51.4236115035318              481   21.6051778012548     
   51.6180581037431              482   21.5130036436225     
   51.8116751365357              483   21.4209781077722     
   52.0044639395056              484   21.3291047345526     
   52.1964258821166              485   21.2373870053781     
   52.3875623651650              486   21.1458283425985     
   52.5778748202484              487   21.0544321098677     
   52.7673647092372              488   20.9632016125272     
   52.9560335237499              489   20.8721400979941     
   53.1438827846319              490   20.7812507561529     
   53.3309140414372              491   20.6905367197589     
   53.5171288719151              492   20.6000010648416     
   53.7025288814987              493   20.5096468111168     
   53.8871157027987              494   20.4194769224107     
   54.0708909951004              495   20.3294943070710     
   54.2538564438640              496   20.2397018184060     
   54.4360137602297              497   20.1501022551117     
   54.6173646805257              498   20.0606983617059     
   54.7979109657810              499   19.9714928289794     
   54.9776544012419              500   19.8824882944280     
   55.1565967958917              501   19.7936873427125     
   55.3347399819761              502   19.7050925061054     
   55.5120858145311              503   19.6167062649440     
   55.6886361709156              504   19.5285310481010     
   55.8643929503485              505   19.4405692334282     
   56.0393580734493              506   19.3528231482382     
   56.2135334817835              507   19.2652950697570     
   56.3869211374113              508   19.1779872256027     
   56.5595230224417              509   19.0909017942502     
   56.7313411385900              510   19.0040409055072     
   56.9023775067395              511   18.9174066409860     
   57.0726341665084              512   18.8310010345797     
   57.2421131758196              513   18.7448260729421     
   57.4108166104761              514   18.6588836959605     
   57.5787465637397              515   18.5731757972394     
   57.7459051459149              516   18.4877042245759     
   57.9122944839361              517   18.4024707804432     
   58.0779167209601              518   18.3174772224698     
   58.2427740159623              519   18.2327252639212     
   58.4068685433376              520   18.1482165741771     
   58.5702024925052              521   18.0639527792200     
   58.7327780675182              522   17.9799354621066     
   58.8945974866771              523   17.8961661634555     
   59.0556629821482              524   17.8126463819237     
   59.2159767995855              525   17.7293775746858     
   59.3755411977577              526   17.6463611579136     
   59.5343584481789              527   17.5635985072518     
   59.6924308347442              528   17.4810909583003     
   59.8497606533689              529   17.3988398070798     
   60.0063502116326              530   17.3168463105198     
   60.1622018284273              531   17.2351116869136     
   60.3173178336095              532   17.1536371164080     
   60.4717005676572              533   17.0724237414659     
   60.6253523813304              534   16.9914726673284     
   60.7782756353363              535   16.9107849624908     
   60.9304726999988              536   16.8303616591656     
   61.0819459549312              537   17.2523027418513     
   61.2372166796079              538   18.3239916181258     
   61.4021326041710              539   19.5851526487816     
   61.5783989780101              540   20.9331139344463     
   61.7667970034201              541   22.3738495609717     
   61.9681616494688              542   23.9137447846810     
   62.1833853525310              543   25.5596243314523     
   62.4134219715140              544   27.3187826435048     
   62.6592910153056              545   29.1990162079448     
   62.9220821611771              546   31.2086581103412     
   63.2029600841702              547   33.3566149664695     
   63.5031696188684              548   35.6524063959240     
   63.8240412764317              549   38.1062072125076     
   64.1669971413443              550   40.7288925184162     
   64.5335571740100              551   43.5320859020673     
   64.9253459471286              552   46.5282109531447     
   65.3440998457069              553   49.7305463232496     
   65.7916747626162              554   53.1532845760915     
   66.2700543238010              555   56.8115950881065     
   66.7813586795940              556   60.7216912782620     
   67.3278539010983              557   64.9009024649685     
   67.9119620232830              558   69.3677506686233     
   68.5362717793006              559   74.1420327001063     
   69.2035500736016              560   79.2449078991129     
   69.9167542446936              561   84.6989919110999     
   70.6790451718935              562   90.5284569185183     
   71.4938012841602              563   96.7591387705021     
   72.3646335330947              564   103.418651485867     
   73.2954013964675              565   110.536509636808     
   74.2902299831988              566   118.144259155789     
   75.3535283156009              567   126.275617145254     
   76.4900088699082              568   134.966621309870     
   77.7047084616970              569   144.255789673537     
   79.0030105687588              570   154.184291289018     
   80.3906691903600              571   164.796128696791     
   81.8738343486311              572   176.138332941723     
   83.4590793451066              573   188.261172011949     
   85.1534298932141              574   201.218373623637     
   86.9643952558269              575   215.067363339115     
   88.9000015258789              576  0.000000000000000E+000
