  -88.9000015258789                1   218.873882872160     
  -86.9301365800295                2   212.278106559664     
  -85.0196336209925                3   205.881094323508     
  -83.1667037720809                4   199.676856397493     
  -81.3696120645035                5   193.659583517340     
  -79.6266758128474                6   187.823641481272     
  -77.9362630395160                7   182.163565874477     
  -76.2967909466457                8   176.674056952589     
  -74.7067244340724                9   171.349974679326     
  -73.1645746619585               10   166.186333913664     
  -71.6688976567355               11   161.178299742093     
  -70.2182929590566               12   156.321182951470     
  -68.8114023124934               13   151.610435638348     
  -67.4469083917483               14   147.041646950596     
  -66.1235335691929               15   142.610538957350     
  -64.8400387185768               16   138.312962643430     
  -63.5952220547859               17   134.144894024446     
  -62.3879180085659               18   130.102430378999     
  -61.2169961351549               19   126.181786594407     
  -60.0813600558052               20   122.379291622571     
  -58.9799464312021               21   118.691385042616     
  -57.9117239658185               22   115.114613727153     
  -56.8756924422742               23   111.645628608963     
  -55.8708817847935               24   108.281181545159     
  -54.8963511508871               25   105.018122275808     
  -53.9511880504048               26   101.853395474237     
  -53.0345074911367               27   98.7840378862022     
  -52.1454511501608               28   95.8071755552905     
  -51.2831865701632               29   92.9200211319194     
  -50.4469063799759               30   90.1198712634373     
  -49.6358275386050               31   87.4041040628728     
  -48.8491906020392               32   84.7701766539552     
  -48.0862590121536               33   82.2156227901366     
  -47.3463184070423               34   79.7380505453336     
  -46.6286759521343               35   77.3351400742905     
  -45.9326596914657               36   75.0046414404090     
  -45.2576179185020               37   72.7443725090598     
  -44.6029185659205               38   70.5522169043502     
  -43.9679486137813               39   68.4261220274954     
  -43.3521135155339               40   66.3640971348837     
  -42.7548366413199               41   64.3642114740707     
  -42.1755587380533               42   62.4245924759413     
  -41.6137374057698               43   60.5434240013523     
  -41.0688465897577               44   58.7189446406108     
  -40.5403760879922               45   56.9494460642027     
  -40.0278310734143               46   55.2332714232130     
  -39.5307316306054               47   53.5688137979615     
  -39.0486123064238               48   51.9545146933796     
  -38.5810216741833               49   50.3888625797278     
  -38.1275219109658               50   48.8703914773020     
  -37.6876883876701               51   47.3976795837751     
  -37.2611092714161               52   45.9693479429070     
  -36.8473851399299               53   44.5840591533819     
  -36.4461286075495               54   43.2405161165429     
  -36.0569639625006               55   41.9374608218719     
  -35.6795268151038               56   40.6736731690679     
  -35.3134637565822               57   39.4479698256155     
  -34.9584320281516               58   38.2592031187920     
  -34.6140992000825               59   37.1062599610481     
  -34.2801428604331               60   35.9880608077982     
  -33.9562503131629               61   34.9035586465815     
  -33.6421182853436               62   33.8517380167187     
  -33.3374526431932               63   32.8316140584946     
  -33.0419681166667               64   31.8422315909920     
  -32.7553880323478               65   30.8826642177217     
  -32.4774440543883               66   29.9520134592070     
  -32.2078759332554               67   29.0494079116965     
  -31.9464312620502               68   28.1740024312356     
  -31.6928652401690               69   27.3249773423316     
  -31.4469404440881               70   26.5015376704581     
  -31.2084266050539               71   25.7029123976855     
  -30.9771003934748               72   24.9283537407542     
  -30.7527452098080               73   24.1771364508922     
  -30.5351509817500               74   23.4485571347389     
  -30.3241139675373               75   22.7419335957310     
  -30.1194365651757               76   22.0566041953351     
  -29.9209271274177               77   21.3919272335311     
  -29.7283997823159               78   20.7472803479638     
  -29.5416742591843               79   20.1220599312010     
  -29.3605757198034               80   19.5156805655535     
  -29.1849345947135               81   18.9275744749256     
  -29.0145864244391               82   18.3571909931849     
  -28.8493717055005               83   17.8105584430364     
  -28.6890766795131               84   17.5579613242520     
  -28.5310550275949               85   17.5843273022372     
  -28.3727960818747               86   17.6105985138264     
  -28.2143006952503               87   17.6367740139172     
  -28.0555697291250               88   17.6628528572675     
  -27.8966040534096               89   17.6888340985705     
  -27.7374045465225               90   17.7147167925185     
  -27.5779720953898               91   17.7404999938761     
  -27.4183075954450               92   17.7661827575457     
  -27.2584119506270               93   17.7917641386421     
  -27.0982860733793               94   17.8172431925595     
  -26.9379308846462               95   17.8426189750450     
  -26.7773473138708               96   17.8678905422676     
  -26.6165362989904               97   17.8930569508936     
  -26.4554987864324               98   17.9181172581559     
  -26.2942357311090               99   17.9430705219280     
  -26.1327480964116              100   17.9679158007981     
  -25.9710368542044              101   17.9926521541410     
  -25.8091029848172              102   18.0172786421930     
  -25.6469474770374              103   18.0417943261265     
  -25.4845713281023              104   18.0661982681257     
  -25.3219755436892              105   18.0904895314594     
  -25.1591611379060              106   18.1146671805578     
  -24.9961291332810              107   18.1387302810904     
  -24.8328805607512              108   18.1626779000384     
  -24.6694164596508              109   18.1865091057753     
  -24.5057378776989              110   18.2102229681386     
  -24.3418458709856              111   18.2338185585154     
  -24.1777415039590              112   18.2572949499094     
  -24.0134258494098              113   18.2806512170291     
  -23.8488999884565              114   18.3038864363583     
  -23.6841650105293              115   18.3269996862371     
  -23.5192220133532              116   18.3499900469436     
  -23.3540721029307              117   18.3728566007686     
  -23.1887163935238              118   18.3955984320947     
  -23.0231560076349              119   18.4182146274807     
  -22.8573920759876              120   18.4407042757368     
  -22.6914257375060              121   18.4630664680050     
  -22.5252581392939              122   18.4853002978412     
  -22.3588904366133              123   18.5074048612929     
  -22.1923237928617              124   18.5293792569823     
  -22.0255593795489              125   18.5512225861867     
  -21.8585983762732              126   18.5729339529159     
  -21.6914419706969              127   18.5945124639970     
  -21.5240913585210              128   18.6159572291547     
  -21.3565477434586              129   18.6372673610917     
  -21.1888123372088              130   18.6584419755703     
  -21.0208863594286              131   18.6794801914930     
  -20.8527710377052              132   18.7003811309868     
  -20.6844676075263              133   18.7211439194807     
  -20.5159773122510              134   18.7417676857922     
  -20.3473014030788              135   18.7622515622058     
  -20.1784411390190              136   18.7825946845525     
  -20.0093977868580              137   18.8027961922989     
  -19.8401726211273              138   18.8228552286229     
  -19.6707669240697              139   18.8427709404948     
  -19.5011819856053              140   18.8625424787653     
  -19.3314191032964              141   18.8821689982414     
  -19.1614795823122              142   18.9016496577711     
  -18.9913647353923              143   18.9209836203230     
  -18.8210758828094              144   18.9401700530697     
  -18.6506143523317              145   18.9592081274689     
  -18.4799814791845              146   18.9780970193441     
  -18.3091786060104              147   18.9968359089663     
  -18.1382070828297              148   19.0154239811362     
  -17.9670682669995              149   19.0338604252626     
  -17.7957635231721              150   19.0521444354464     
  -17.6242942232531              151   19.0702752105602     
  -17.4526617463581              152   19.0882519543266     
  -17.2808674787691              153   19.1060738754025     
  -17.1089128138905              154   19.1237401874575     
  -16.9367991522034              155   19.1412501092512     
  -16.7645279012201              156   19.1586028647185     
  -16.5921004754377              157   19.1757976830434     
  -16.4195182962903              158   19.1928337987426     
  -16.2467827921016              159   19.2097104517405     
  -16.0738953980359              160   19.2264268874527     
  -15.9008575560489              161   19.2429823568582     
  -15.7276707148371              162   19.2593761165835     
  -15.5543363297879              163   19.2756074289758     
  -15.3808558629271              164   19.2916755621824     
  -15.2072307828675              165   19.3075797902278     
  -15.0334625647554              166   19.3233193930885     
  -14.8595526902176              167   19.3388936567717     
  -14.6855026473067              168   19.3543018733892     
  -14.5113139304462              169   19.3695433412330     
  -14.3369880403751              170   19.3846173648511     
  -14.1625264840914              171   19.3995232551215     
  -13.9879307747953              172   19.4142603293261     
  -13.8132024318314              173   19.4288279112236     
  -13.6383429806304              174   19.4432253311250     
  -13.4633539526502              175   19.4574519259629     
  -13.2882368853166              176   19.4715070393651     
  -13.1129933219623              177   19.4853900217270     
  -12.9376248117667              178   19.4991002302811     
  -12.7621329096942              179   19.5126370291676     
  -12.5865191764317              180   19.5259997895057     
  -12.4107851783262              181   19.5391878894598     
  -12.2349324873210              182   19.5522007143111     
  -12.0589626808922              183   19.5650376565247     
  -11.8828773419835              184   19.5776981158160     
  -11.7066780589411              185   19.5901814992185     
  -11.5303664254482              186   19.6024872211501     
  -11.3539440404578              187   19.6146147034768     
  -11.1774125081265              188   19.6265633755791     
  -11.0007734377463              189   19.6383326744163     
  -10.8240284436766              190   19.6499220445878     
  -10.6471791452753              191   19.6613309383979     
  -10.4702271668297              192   19.6725588159159     
  -10.2931741374865              193   19.6836051450384     
  -10.1160216911811              194   19.6944694015496     
  -9.93877146656718              195   19.7051510691800     
  -9.76142510694456              196   19.7156496396656     
  -9.58398426018756              197   19.7259646128067     
  -9.40645057867230              198   19.7360954965239     
  -9.22882571920359              199   19.7460418069151     
  -9.05111134294135              200   19.7558030683109     
  -8.87330911532656              201   19.7653788133297     
  -8.69542070600659              202   19.7747685829304     
  -8.51744778876022              203   19.7839719264664     
  -8.33939204142202              204   19.7929884017378     
  -8.16125514580638              205   19.8018175750418     
  -7.98303878763100              206   19.8104590212233     
  -7.80474465643999              207   19.8189123237245     
  -7.62637444552647              208   19.8271770746330     
  -7.44792985185477              209   19.8352528747300     
  -7.26941257598220              210   19.8431393335361     
  -7.09082432198038              211   19.8508360693570     
  -6.91216679735617              212   19.8583427093289     
  -6.73344171297220              213   19.8656588894616     
  -6.55465078296705              214   19.8727842546809     
  -6.37579572467492              215   19.8797184588712     
  -6.19687825854508              216   19.8864611649159     
  -6.01790010806084              217   19.8930120447363     
  -5.83886299965821              218   19.8993707793315     
  -5.65976866264423              219   19.9055370588157     
  -5.48061882911489              220   19.9115105824541     
  -5.30141523387280              221   19.9172910586997     
  -5.12215961434450              222   19.9228782052266     
  -4.94285371049746              223   19.9282717489644     
  -4.76349926475678              224   19.9334714261305     
  -4.58409802192161              225   19.9384769822610     
  -4.40465172908126              226   19.9432881722412     
  -4.22516213553109              227   19.9479047603351     
  -4.04563099268807              228   19.9523265202128     
  -3.86606005400616              229   19.9565532349784     
  -3.68645107489135              230   19.9605846971949     
  -3.50680581261660              231   19.9644207089097     
  -3.32712602623641              232   19.9680610816779     
  -3.14741347650131              233   19.9715056365853     
  -2.96766992577204              234   19.9747542042691     
  -2.78789713793362              235   19.9778066249386     
  -2.60809687830917              236   19.9806627483945     
  -2.42827091357362              237   19.9833224340465     
  -2.24842101166721              238   19.9857855509308     
  -2.06854894170883              239   19.9880519777248     
  -1.88865647390930              240   19.9901216027627     
  -1.70874537948444              241   19.9919943240484     
  -1.52881743056800              242   19.9936700492679     
  -1.34887440012459              243   19.9951486958000     
  -1.16891806186239              244   19.9964301907271     
 -0.988950190145849              245   19.9975144708431     
 -0.808972559908262              246   19.9984014826613     
 -0.628986946564309              247   19.9990911824213     
 -0.448995125922518              248   19.9995835360934     
 -0.268998874097677              249   19.9998785193834     
 -8.899996742322584E-002         250   19.7777705384946     
  8.899996742322584E-002         251   19.9998785193834     
  0.268998874097677              252   19.9995835360934     
  0.448995125922518              253   19.9990911824213     
  0.628986946564309              254   19.9984014826613     
  0.808972559908262              255   19.9975144708431     
  0.988950190145849              256   19.9964301907271     
   1.16891806186239              257   19.9951486958000     
   1.34887440012459              258   19.9936700492679     
   1.52881743056800              259   19.9919943240484     
   1.70874537948444              260   19.9901216027627     
   1.88865647390930              261   19.9880519777248     
   2.06854894170883              262   19.9857855509308     
   2.24842101166721              263   19.9833224340465     
   2.42827091357362              264   19.9806627483945     
   2.60809687830917              265   19.9778066249386     
   2.78789713793362              266   19.9747542042691     
   2.96766992577204              267   19.9715056365853     
   3.14741347650131              268   19.9680610816779     
   3.32712602623641              269   19.9644207089097     
   3.50680581261660              270   19.9605846971949     
   3.68645107489135              271   19.9565532349784     
   3.86606005400616              272   19.9523265202128     
   4.04563099268807              273   19.9479047603351     
   4.22516213553109              274   19.9432881722412     
   4.40465172908126              275   19.9384769822610     
   4.58409802192161              276   19.9334714261305     
   4.76349926475678              277   19.9282717489644     
   4.94285371049746              278   19.9228782052266     
   5.12215961434450              279   19.9172910586997     
   5.30141523387280              280   19.9115105824541     
   5.48061882911489              281   19.9055370588157     
   5.65976866264423              282   19.8993707793315     
   5.83886299965821              283   19.8930120447363     
   6.01790010806084              284   19.8864611649159     
   6.19687825854508              285   19.8797184588712     
   6.37579572467492              286   19.8727842546809     
   6.55465078296705              287   19.8656588894616     
   6.73344171297220              288   19.8583427093289     
   6.91216679735617              289   19.8508360693570     
   7.09082432198038              290   19.8431393335361     
   7.26941257598220              291   19.8352528747300     
   7.44792985185477              292   19.8271770746330     
   7.62637444552647              293   19.8189123237245     
   7.80474465643999              294   19.8104590212233     
   7.98303878763100              295   19.8018175750418     
   8.16125514580638              296   19.7929884017378     
   8.33939204142202              297   19.7839719264664     
   8.51744778876022              298   19.7747685829304     
   8.69542070600659              299   19.7653788133297     
   8.87330911532656              300   19.7558030683109     
   9.05111134294135              301   19.7460418069151     
   9.22882571920359              302   19.7360954965239     
   9.40645057867230              303   19.7259646128067     
   9.58398426018756              304   19.7156496396656     
   9.76142510694456              305   19.7051510691800     
   9.93877146656718              306   19.6944694015496     
   10.1160216911811              307   19.6836051450384     
   10.2931741374865              308   19.6725588159159     
   10.4702271668297              309   19.6613309383979     
   10.6471791452753              310   19.6499220445878     
   10.8240284436766              311   19.6383326744163     
   11.0007734377463              312   19.6265633755791     
   11.1774125081265              313   19.6146147034768     
   11.3539440404578              314   19.6024872211501     
   11.5303664254482              315   19.5901814992185     
   11.7066780589411              316   19.5776981158160     
   11.8828773419835              317   19.5650376565247     
   12.0589626808922              318   19.5522007143111     
   12.2349324873210              319   19.5391878894598     
   12.4107851783262              320   19.5259997895057     
   12.5865191764317              321   19.5126370291676     
   12.7621329096942              322   19.4991002302811     
   12.9376248117667              323   19.4853900217270     
   13.1129933219623              324   19.4715070393651     
   13.2882368853166              325   19.4574519259629     
   13.4633539526502              326   19.4432253311250     
   13.6383429806304              327   19.4288279112236     
   13.8132024318314              328   19.4142603293261     
   13.9879307747953              329   19.3995232551215     
   14.1625264840914              330   19.3846173648511     
   14.3369880403751              331   19.3695433412330     
   14.5113139304462              332   19.3543018733892     
   14.6855026473067              333   19.3388936567717     
   14.8595526902176              334   19.3233193930885     
   15.0334625647554              335   19.3075797902278     
   15.2072307828675              336   19.2916755621824     
   15.3808558629271              337   19.2756074289758     
   15.5543363297879              338   19.2593761165835     
   15.7276707148371              339   19.2429823568582     
   15.9008575560489              340   19.2264268874527     
   16.0738953980359              341   19.2097104517405     
   16.2467827921016              342   19.1928337987426     
   16.4195182962903              343   19.1757976830434     
   16.5921004754377              344   19.1586028647185     
   16.7645279012201              345   19.1412501092512     
   16.9367991522034              346   19.1237401874575     
   17.1089128138905              347   19.1060738754025     
   17.2808674787691              348   19.0882519543266     
   17.4526617463581              349   19.0702752105602     
   17.6242942232531              350   19.0521444354464     
   17.7957635231721              351   19.0338604252626     
   17.9670682669995              352   19.0154239811362     
   18.1382070828297              353   18.9968359089663     
   18.3091786060104              354   18.9780970193441     
   18.4799814791845              355   18.9592081274689     
   18.6506143523317              356   18.9401700530697     
   18.8210758828094              357   18.9209836203230     
   18.9913647353923              358   18.9016496577711     
   19.1614795823122              359   18.8821689982414     
   19.3314191032964              360   18.8625424787653     
   19.5011819856053              361   18.8427709404948     
   19.6707669240697              362   18.8228552286229     
   19.8401726211273              363   18.8027961922989     
   20.0093977868580              364   18.7825946845525     
   20.1784411390190              365   18.7622515622058     
   20.3473014030788              366   18.7417676857922     
   20.5159773122510              367   18.7211439194807     
   20.6844676075263              368   18.7003811309868     
   20.8527710377052              369   18.6794801914930     
   21.0208863594286              370   18.6584419755703     
   21.1888123372088              371   18.6372673610917     
   21.3565477434586              372   18.6159572291547     
   21.5240913585210              373   18.5945124639970     
   21.6914419706969              374   18.5729339529159     
   21.8585983762732              375   18.5512225861867     
   22.0255593795489              376   18.5293792569823     
   22.1923237928617              377   18.5074048612929     
   22.3588904366133              378   18.4853002978412     
   22.5252581392939              379   18.4630664680050     
   22.6914257375060              380   18.4407042757368     
   22.8573920759876              381   18.4182146274807     
   23.0231560076349              382   18.3955984320947     
   23.1887163935238              383   18.3728566007686     
   23.3540721029307              384   18.3499900469436     
   23.5192220133532              385   18.3269996862371     
   23.6841650105293              386   18.3038864363583     
   23.8488999884565              387   18.2806512170291     
   24.0134258494098              388   18.2572949499094     
   24.1777415039590              389   18.2338185585154     
   24.3418458709856              390   18.2102229681386     
   24.5057378776989              391   18.1865091057753     
   24.6694164596508              392   18.1626779000384     
   24.8328805607512              393   18.1387302810904     
   24.9961291332810              394   18.1146671805578     
   25.1591611379060              395   18.0904895314594     
   25.3219755436892              396   18.0661982681257     
   25.4845713281023              397   18.0417943261265     
   25.6469474770374              398   18.0172786421930     
   25.8091029848172              399   17.9926521541410     
   25.9710368542044              400   17.9679158007981     
   26.1327480964116              401   17.9430705219280     
   26.2942357311090              402   17.9181172581559     
   26.4554987864324              403   17.8930569508936     
   26.6165362989904              404   17.8678905422676     
   26.7773473138708              405   17.8426189750450     
   26.9379308846462              406   17.8172431925595     
   27.0982860733793              407   17.7917641386421     
   27.2584119506270              408   17.7661827575457     
   27.4183075954450              409   17.7404999938761     
   27.5779720953898              410   17.7147167925185     
   27.7374045465225              411   17.6888340985705     
   27.8966040534096              412   17.6628528572675     
   28.0555697291250              413   17.6367740139172     
   28.2143006952503              414   17.6105985138264     
   28.3727960818747              415   17.5843273022372     
   28.5310550275949              416   17.5579613242520     
   28.6890766795131              417   17.8105584430364     
   28.8493717055005              418   18.3571909931849     
   29.0145864244391              419   18.9275744749256     
   29.1849345947135              420   19.5156805655535     
   29.3605757198034              421   20.1220599312010     
   29.5416742591843              422   20.7472803479638     
   29.7283997823159              423   21.3919272335311     
   29.9209271274177              424   22.0566041953351     
   30.1194365651757              425   22.7419335957310     
   30.3241139675373              426   23.4485571347389     
   30.5351509817500              427   24.1771364508922     
   30.7527452098080              428   24.9283537407542     
   30.9771003934748              429   25.7029123976855     
   31.2084266050539              430   26.5015376704581     
   31.4469404440881              431   27.3249773423316     
   31.6928652401690              432   28.1740024312356     
   31.9464312620502              433   29.0494079116965     
   32.2078759332554              434   29.9520134592070     
   32.4774440543883              435   30.8826642177217     
   32.7553880323478              436   31.8422315909920     
   33.0419681166667              437   32.8316140584946     
   33.3374526431932              438   33.8517380167187     
   33.6421182853436              439   34.9035586465815     
   33.9562503131629              440   35.9880608077982     
   34.2801428604331              441   37.1062599610481     
   34.6140992000825              442   38.2592031187920     
   34.9584320281516              443   39.4479698256155     
   35.3134637565822              444   40.6736731690679     
   35.6795268151038              445   41.9374608218719     
   36.0569639625006              446   43.2405161165429     
   36.4461286075495              447   44.5840591533819     
   36.8473851399299              448   45.9693479429070     
   37.2611092714161              449   47.3976795837751     
   37.6876883876701              450   48.8703914773020     
   38.1275219109658              451   50.3888625797278     
   38.5810216741833              452   51.9545146933796     
   39.0486123064238              453   53.5688137979615     
   39.5307316306054              454   55.2332714232130     
   40.0278310734143              455   56.9494460642027     
   40.5403760879922              456   58.7189446406108     
   41.0688465897577              457   60.5434240013523     
   41.6137374057698              458   62.4245924759413     
   42.1755587380533              459   64.3642114740707     
   42.7548366413199              460   66.3640971348837     
   43.3521135155339              461   68.4261220274954     
   43.9679486137813              462   70.5522169043502     
   44.6029185659205              463   72.7443725090598     
   45.2576179185020              464   75.0046414404090     
   45.9326596914657              465   77.3351400742905     
   46.6286759521343              466   79.7380505453336     
   47.3463184070423              467   82.2156227901366     
   48.0862590121536              468   84.7701766539552     
   48.8491906020392              469   87.4041040628728     
   49.6358275386050              470   90.1198712634373     
   50.4469063799759              471   92.9200211319194     
   51.2831865701632              472   95.8071755552905     
   52.1454511501608              473   98.7840378862022     
   53.0345074911367              474   101.853395474237     
   53.9511880504048              475   105.018122275808     
   54.8963511508871              476   108.281181545159     
   55.8708817847935              477   111.645628608963     
   56.8756924422742              478   115.114613727153     
   57.9117239658185              479   118.691385042616     
   58.9799464312021              480   122.379291622571     
   60.0813600558052              481   126.181786594407     
   61.2169961351549              482   130.102430378999     
   62.3879180085659              483   134.144894024446     
   63.5952220547859              484   138.312962643430     
   64.8400387185768              485   142.610538957350     
   66.1235335691929              486   147.041646950596     
   67.4469083917483              487   151.610435638348     
   68.8114023124934              488   156.321182951470     
   70.2182929590566              489   161.178299742093     
   71.6688976567355              490   166.186333913664     
   73.1645746619585              491   171.349974679326     
   74.7067244340724              492   176.674056952589     
   76.2967909466457              493   182.163565874477     
   77.9362630395160              494   187.823641481272     
   79.6266758128474              495   193.659583517340     
   81.3696120645035              496   199.676856397493     
   83.1667037720809              497   205.881094323508     
   85.0196336209925              498   212.278106559664     
   86.9301365800295              499   218.873882872160     
   88.9000015258789              500  0.000000000000000E+000
