   z[m] p[mb] tp[K] q[g/kg] u[m/s] v[m/s]
  0.0000000E+00         300   1000.000    
 -999.       1000.000       288.0479        0.    0.    0.
 -999.       996.6667       288.1821        0.    0.    0.
 -999.       993.3333       288.3169        0.    0.    0.
 -999.       990.0000       288.4523        0.    0.    0.
 -999.       986.6667       288.5881        0.    0.    0.
 -999.       983.3333       288.7244        0.    0.    0.
 -999.       980.0000       288.8613        0.    0.    0.
 -999.       976.6667       288.9987        0.    0.    0.
 -999.       973.3333       289.1365        0.    0.    0.
 -999.       970.0000       289.2750        0.    0.    0.
 -999.       966.6667       289.4140        0.    0.    0.
 -999.       963.3333       289.5535        0.    0.    0.
 -999.       960.0000       289.6936        0.    0.    0.
 -999.       956.6667       289.8343        0.    0.    0.
 -999.       953.3333       289.9754        0.    0.    0.
 -999.       950.0000       290.1172        0.    0.    0.
 -999.       946.6667       290.2595        0.    0.    0.
 -999.       943.3333       290.4023        0.    0.    0.
 -999.       940.0000       290.5457        0.    0.    0.
 -999.       936.6667       290.6898        0.    0.    0.
 -999.       933.3333       290.8343        0.    0.    0.
 -999.       930.0000       290.9795        0.    0.    0.
 -999.       926.6667       291.1253        0.    0.    0.
 -999.       923.3333       291.2717        0.    0.    0.
 -999.       920.0000       291.4186        0.    0.    0.
 -999.       916.6667       291.5662        0.    0.    0.
 -999.       913.3333       291.7144        0.    0.    0.
 -999.       910.0000       291.8631        0.    0.    0.
 -999.       906.6667       292.0125        0.    0.    0.
 -999.       903.3333       292.1625        0.    0.    0.
 -999.       900.0000       292.3132        0.    0.    0.
 -999.       896.6667       292.4645        0.    0.    0.
 -999.       893.3333       292.6164        0.    0.    0.
 -999.       890.0000       292.7689        0.    0.    0.
 -999.       886.6667       292.9221        0.    0.    0.
 -999.       883.3333       293.0760        0.    0.    0.
 -999.       880.0000       293.2305        0.    0.    0.
 -999.       876.6667       293.3857        0.    0.    0.
 -999.       873.3333       293.5416        0.    0.    0.
 -999.       870.0000       293.6982        0.    0.    0.
 -999.       866.6667       293.8553        0.    0.    0.
 -999.       863.3333       294.0133        0.    0.    0.
 -999.       860.0000       294.1719        0.    0.    0.
 -999.       856.6667       294.3312        0.    0.    0.
 -999.       853.3333       294.4912        0.    0.    0.
 -999.       850.0000       294.6518        0.    0.    0.
 -999.       846.6667       294.8133        0.    0.    0.
 -999.       843.3333       294.9754        0.    0.    0.
 -999.       840.0000       295.1383        0.    0.    0.
 -999.       836.6667       295.3018        0.    0.    0.
 -999.       833.3333       295.4663        0.    0.    0.
 -999.       830.0000       295.6313        0.    0.    0.
 -999.       826.6667       295.7971        0.    0.    0.
 -999.       823.3333       295.9638        0.    0.    0.
 -999.       820.0000       296.1313        0.    0.    0.
 -999.       816.6667       296.2994        0.    0.    0.
 -999.       813.3333       296.4682        0.    0.    0.
 -999.       810.0000       296.6380        0.    0.    0.
 -999.       806.6667       296.8086        0.    0.    0.
 -999.       803.3333       296.9799        0.    0.    0.
 -999.       800.0000       297.1520        0.    0.    0.
 -999.       796.6667       297.3249        0.    0.    0.
 -999.       793.3333       297.4987        0.    0.    0.
 -999.       790.0000       297.6733        0.    0.    0.
 -999.       786.6667       297.8487        0.    0.    0.
 -999.       783.3333       298.0250        0.    0.    0.
 -999.       780.0000       298.2022        0.    0.    0.
 -999.       776.6667       298.3802        0.    0.    0.
 -999.       773.3333       298.5591        0.    0.    0.
 -999.       770.0000       298.7388        0.    0.    0.
 -999.       766.6667       298.9195        0.    0.    0.
 -999.       763.3333       299.1010        0.    0.    0.
 -999.       760.0000       299.2834        0.    0.    0.
 -999.       756.6667       299.4668        0.    0.    0.
 -999.       753.3333       299.6511        0.    0.    0.
 -999.       750.0000       299.8363        0.    0.    0.
 -999.       746.6667       300.0224        0.    0.    0.
 -999.       743.3333       300.2095        0.    0.    0.
 -999.       740.0000       300.3976        0.    0.    0.
 -999.       736.6667       300.5865        0.    0.    0.
 -999.       733.3333       300.7766        0.    0.    0.
 -999.       730.0000       300.9676        0.    0.    0.
 -999.       726.6667       301.1595        0.    0.    0.
 -999.       723.3333       301.3524        0.    0.    0.
 -999.       720.0000       301.5465        0.    0.    0.
 -999.       716.6667       301.7415        0.    0.    0.
 -999.       713.3333       301.9376        0.    0.    0.
 -999.       710.0000       302.1346        0.    0.    0.
 -999.       706.6667       302.3328        0.    0.    0.
 -999.       703.3333       302.5320        0.    0.    0.
 -999.       700.0000       302.7323        0.    0.    0.
 -999.       696.6667       302.9338        0.    0.    0.
 -999.       693.3333       303.1362        0.    0.    0.
 -999.       690.0000       303.3398        0.    0.    0.
 -999.       686.6667       303.5444        0.    0.    0.
 -999.       683.3333       303.7503        0.    0.    0.
 -999.       680.0000       303.9574        0.    0.    0.
 -999.       676.6667       304.1655        0.    0.    0.
 -999.       673.3333       304.3749        0.    0.    0.
 -999.       670.0000       304.5853        0.    0.    0.
 -999.       666.6667       304.7971        0.    0.    0.
 -999.       663.3333       305.0100        0.    0.    0.
 -999.       660.0000       305.2242        0.    0.    0.
 -999.       656.6667       305.4395        0.    0.    0.
 -999.       653.3333       305.6562        0.    0.    0.
 -999.       650.0000       305.8741        0.    0.    0.
 -999.       646.6667       306.0933        0.    0.    0.
 -999.       643.3333       306.3137        0.    0.    0.
 -999.       640.0000       306.5355        0.    0.    0.
 -999.       636.6667       306.7585        0.    0.    0.
 -999.       633.3333       306.9830        0.    0.    0.
 -999.       630.0000       307.2088        0.    0.    0.
 -999.       626.6667       307.4359        0.    0.    0.
 -999.       623.3333       307.6644        0.    0.    0.
 -999.       620.0000       307.8943        0.    0.    0.
 -999.       616.6667       308.1256        0.    0.    0.
 -999.       613.3333       308.3585        0.    0.    0.
 -999.       610.0000       308.5927        0.    0.    0.
 -999.       606.6667       308.8283        0.    0.    0.
 -999.       603.3333       309.0654        0.    0.    0.
 -999.       600.0000       309.3041        0.    0.    0.
 -999.       596.6667       309.5443        0.    0.    0.
 -999.       593.3333       309.7860        0.    0.    0.
 -999.       590.0000       310.0293        0.    0.    0.
 -999.       586.6667       310.2742        0.    0.    0.
 -999.       583.3333       310.5206        0.    0.    0.
 -999.       580.0000       310.7686        0.    0.    0.
 -999.       576.6667       311.0183        0.    0.    0.
 -999.       573.3333       311.2695        0.    0.    0.
 -999.       570.0000       311.5226        0.    0.    0.
 -999.       566.6667       311.7773        0.    0.    0.
 -999.       563.3333       312.0337        0.    0.    0.
 -999.       560.0000       312.2918        0.    0.    0.
 -999.       556.6667       312.5516        0.    0.    0.
 -999.       553.3333       312.8134        0.    0.    0.
 -999.       550.0000       313.0768        0.    0.    0.
 -999.       546.6667       313.3422        0.    0.    0.
 -999.       543.3333       313.6093        0.    0.    0.
 -999.       540.0000       313.8783        0.    0.    0.
 -999.       536.6667       314.1493        0.    0.    0.
 -999.       533.3333       314.4221        0.    0.    0.
 -999.       530.0000       314.6969        0.    0.    0.
 -999.       526.6667       314.9738        0.    0.    0.
 -999.       523.3333       315.2525        0.    0.    0.
 -999.       520.0000       315.5334        0.    0.    0.
 -999.       516.6667       315.8163        0.    0.    0.
 -999.       513.3333       316.1013        0.    0.    0.
 -999.       510.0000       316.3884        0.    0.    0.
 -999.       506.6667       316.6776        0.    0.    0.
 -999.       503.3333       316.9691        0.    0.    0.
 -999.       500.0000       317.2626        0.    0.    0.
 -999.       496.6667       317.5586        0.    0.    0.
 -999.       493.3333       317.8568        0.    0.    0.
 -999.       490.0000       318.1572        0.    0.    0.
 -999.       486.6667       318.4600        0.    0.    0.
 -999.       483.3333       318.7652        0.    0.    0.
 -999.       480.0000       319.0728        0.    0.    0.
 -999.       476.6667       319.3828        0.    0.    0.
 -999.       473.3333       319.6954        0.    0.    0.
 -999.       470.0000       320.0104        0.    0.    0.
 -999.       466.6667       320.3281        0.    0.    0.
 -999.       463.3333       320.6483        0.    0.    0.
 -999.       460.0000       320.9711        0.    0.    0.
 -999.       456.6667       321.2966        0.    0.    0.
 -999.       453.3333       321.6248        0.    0.    0.
 -999.       450.0000       321.9558        0.    0.    0.
 -999.       446.6667       322.2897        0.    0.    0.
 -999.       443.3333       322.6264        0.    0.    0.
 -999.       440.0000       322.9660        0.    0.    0.
 -999.       436.6667       323.3085        0.    0.    0.
 -999.       433.3333       323.6540        0.    0.    0.
 -999.       430.0000       324.0026        0.    0.    0.
 -999.       426.6667       324.3543        0.    0.    0.
 -999.       423.3333       324.7091        0.    0.    0.
 -999.       420.0000       325.0671        0.    0.    0.
 -999.       416.6667       325.4284        0.    0.    0.
 -999.       413.3333       325.7929        0.    0.    0.
 -999.       410.0000       326.1609        0.    0.    0.
 -999.       406.6667       326.5323        0.    0.    0.
 -999.       403.3333       326.9073        0.    0.    0.
 -999.       400.0000       327.2857        0.    0.    0.
 -999.       396.6667       327.6677        0.    0.    0.
 -999.       393.3333       328.0534        0.    0.    0.
 -999.       390.0000       328.4428        0.    0.    0.
 -999.       386.6667       328.8362        0.    0.    0.
 -999.       383.3333       329.2332        0.    0.    0.
 -999.       380.0000       329.6345        0.    0.    0.
 -999.       376.6667       330.0396        0.    0.    0.
 -999.       373.3333       330.4490        0.    0.    0.
 -999.       370.0000       330.8624        0.    0.    0.
 -999.       366.6667       331.2802        0.    0.    0.
 -999.       363.3333       331.7023        0.    0.    0.
 -999.       360.0000       332.1288        0.    0.    0.
 -999.       356.6667       332.5598        0.    0.    0.
 -999.       353.3333       332.9955        0.    0.    0.
 -999.       350.0000       333.4360        0.    0.    0.
 -999.       346.6667       333.8811        0.    0.    0.
 -999.       343.3333       334.3313        0.    0.    0.
 -999.       340.0000       334.7864        0.    0.    0.
 -999.       336.6667       335.2467        0.    0.    0.
 -999.       333.3333       335.7121        0.    0.    0.
 -999.       330.0000       336.1830        0.    0.    0.
 -999.       326.6667       336.6593        0.    0.    0.
 -999.       323.3333       337.1411        0.    0.    0.
 -999.       320.0000       337.6287        0.    0.    0.
 -999.       316.6667       338.1220        0.    0.    0.
 -999.       313.3333       338.6214        0.    0.    0.
 -999.       310.0000       339.1268        0.    0.    0.
 -999.       306.6667       339.6385        0.    0.    0.
 -999.       303.3333       340.1566        0.    0.    0.
 -999.       300.0000       340.6812        0.    0.    0.
 -999.       296.6667       341.2124        0.    0.    0.
 -999.       293.3333       341.7506        0.    0.    0.
 -999.       290.0000       342.2957        0.    0.    0.
 -999.       286.6667       342.8481        0.    0.    0.
 -999.       283.3333       343.4077        0.    0.    0.
 -999.       280.0000       343.9751        0.    0.    0.
 -999.       276.6667       344.5501        0.    0.    0.
 -999.       273.3333       345.1331        0.    0.    0.
 -999.       270.0000       345.7242        0.    0.    0.
 -999.       266.6667       346.3238        0.    0.    0.
 -999.       263.3333       346.9319        0.    0.    0.
 -999.       260.0000       347.5489        0.    0.    0.
 -999.       256.6667       348.1750        0.    0.    0.
 -999.       253.3333       348.8104        0.    0.    0.
 -999.       250.0000       349.4554        0.    0.    0.
 -999.       246.6667       350.1104        0.    0.    0.
 -999.       243.3333       350.7753        0.    0.    0.
 -999.       240.0000       351.4509        0.    0.    0.
 -999.       236.6667       352.1372        0.    0.    0.
 -999.       233.3333       352.8347        0.    0.    0.
 -999.       230.0000       353.5435        0.    0.    0.
 -999.       226.6667       354.2642        0.    0.    0.
 -999.       223.3333       354.9971        0.    0.    0.
 -999.       220.0000       355.7426        0.    0.    0.
 -999.       216.6667       356.5009        0.    0.    0.
 -999.       213.3333       357.2728        0.    0.    0.
 -999.       210.0000       358.0586        0.    0.    0.
 -999.       206.6667       358.8587        0.    0.    0.
 -999.       203.3333       359.6736        0.    0.    0.
 -999.       200.0000       360.5039        0.    0.    0.
 -999.       196.6667       361.3501        0.    0.    0.
 -999.       193.3333       362.2129        0.    0.    0.
 -999.       190.0000       363.0929        0.    0.    0.
 -999.       186.6667       363.9908        0.    0.    0.
 -999.       183.3333       364.9075        0.    0.    0.
 -999.       180.0000       365.8444        0.    0.    0.
 -999.       176.6667       366.8026        0.    0.    0.
 -999.       173.3333       367.7838        0.    0.    0.
 -999.       170.0000       368.7900        0.    0.    0.
 -999.       166.6667       369.8239        0.    0.    0.
 -999.       163.3333       370.8881        0.    0.    0.
 -999.       160.0000       371.9859        0.    0.    0.
 -999.       156.6667       373.1216        0.    0.    0.
 -999.       153.3333       374.2994        0.    0.    0.
 -999.       150.0000       375.5247        0.    0.    0.
 -999.       146.6667       376.8037        0.    0.    0.
 -999.       143.3333       378.1432        0.    0.    0.
 -999.       140.0000       379.5511        0.    0.    0.
 -999.       136.6667       381.0362        0.    0.    0.
 -999.       133.3333       382.6087        0.    0.    0.
 -999.       130.0000       384.2796        0.    0.    0.
 -999.       126.6667       386.0617        0.    0.    0.
 -999.       123.3333       387.9689        0.    0.    0.
 -999.       120.0000       390.0168        0.    0.    0.
 -999.       116.6667       392.2230        0.    0.    0.
 -999.       113.3333       394.6065        0.    0.    0.
 -999.       110.0000       397.1887        0.    0.    0.
 -999.       106.6667       399.9934        0.    0.    0.
 -999.       103.3333       403.0468        0.    0.    0.
 -999.       100.0000       406.3779        0.    0.    0.
 -999.       96.66666       410.0186        0.    0.    0.
 -999.       93.33334       414.0044        0.    0.    0.
 -999.       90.00000       418.3747        0.    0.    0.
 -999.       86.66666       423.1730        0.    0.    0.
 -999.       83.33334       428.4477        0.    0.    0.
 -999.       80.00000       434.2524        0.    0.    0.
 -999.       76.66666       440.6473        0.    0.    0.
 -999.       73.33334       447.6995        0.    0.    0.
 -999.       70.00000       455.4842        0.    0.    0.
 -999.       66.66666       464.0863        0.    0.    0.
 -999.       63.33333       473.6019        0.    0.    0.
 -999.       60.00000       484.1405        0.    0.    0.
 -999.       56.66667       495.8279        0.    0.    0.
 -999.       53.33333       508.8091        0.    0.    0.
 -999.       50.00000       523.2538        0.    0.    0.
 -999.       46.66667       539.3622        0.    0.    0.
 -999.       43.33333       557.3734        0.    0.    0.
 -999.       40.00000       577.5777        0.    0.    0.
 -999.       36.66667       600.3336        0.    0.    0.
 -999.       33.33333       626.0939        0.    0.    0.
 -999.       30.00000       655.4446        0.    0.    0.
 -999.       26.66667       689.1689        0.    0.    0.
 -999.       23.33333       728.3546        0.    0.    0.
 -999.       20.00000       774.5869        0.    0.    0.
 -999.       16.66667       830.3309        0.    0.    0.
 -999.       13.33333       899.7604        0.    0.    0.
 -999.       10.00000       990.8848        0.    0.    0.
 -999.       6.666667       1122.460        0.    0.    0.
 -999.       3.333333       1359.365        0.    0.    0.
  10000.0000000E+00         300   1000.000    
 -999.       1000.000       288.0479        0.    0.    0.
 -999.       996.6667       288.1821        0.    0.    0.
 -999.       993.3333       288.3169        0.    0.    0.
 -999.       990.0000       288.4523        0.    0.    0.
 -999.       986.6667       288.5881        0.    0.    0.
 -999.       983.3333       288.7244        0.    0.    0.
 -999.       980.0000       288.8613        0.    0.    0.
 -999.       976.6667       288.9987        0.    0.    0.
 -999.       973.3333       289.1365        0.    0.    0.
 -999.       970.0000       289.2750        0.    0.    0.
 -999.       966.6667       289.4140        0.    0.    0.
 -999.       963.3333       289.5535        0.    0.    0.
 -999.       960.0000       289.6936        0.    0.    0.
 -999.       956.6667       289.8343        0.    0.    0.
 -999.       953.3333       289.9754        0.    0.    0.
 -999.       950.0000       290.1172        0.    0.    0.
 -999.       946.6667       290.2595        0.    0.    0.
 -999.       943.3333       290.4023        0.    0.    0.
 -999.       940.0000       290.5457        0.    0.    0.
 -999.       936.6667       290.6898        0.    0.    0.
 -999.       933.3333       290.8343        0.    0.    0.
 -999.       930.0000       290.9795        0.    0.    0.
 -999.       926.6667       291.1253        0.    0.    0.
 -999.       923.3333       291.2717        0.    0.    0.
 -999.       920.0000       291.4186        0.    0.    0.
 -999.       916.6667       291.5662        0.    0.    0.
 -999.       913.3333       291.7144        0.    0.    0.
 -999.       910.0000       291.8631        0.    0.    0.
 -999.       906.6667       292.0125        0.    0.    0.
 -999.       903.3333       292.1625        0.    0.    0.
 -999.       900.0000       292.3132        0.    0.    0.
 -999.       896.6667       292.4645        0.    0.    0.
 -999.       893.3333       292.6164        0.    0.    0.
 -999.       890.0000       292.7689        0.    0.    0.
 -999.       886.6667       292.9221        0.    0.    0.
 -999.       883.3333       293.0760        0.    0.    0.
 -999.       880.0000       293.2305        0.    0.    0.
 -999.       876.6667       293.3857        0.    0.    0.
 -999.       873.3333       293.5416        0.    0.    0.
 -999.       870.0000       293.6982        0.    0.    0.
 -999.       866.6667       293.8553        0.    0.    0.
 -999.       863.3333       294.0133        0.    0.    0.
 -999.       860.0000       294.1719        0.    0.    0.
 -999.       856.6667       294.3312        0.    0.    0.
 -999.       853.3333       294.4912        0.    0.    0.
 -999.       850.0000       294.6518        0.    0.    0.
 -999.       846.6667       294.8133        0.    0.    0.
 -999.       843.3333       294.9754        0.    0.    0.
 -999.       840.0000       295.1383        0.    0.    0.
 -999.       836.6667       295.3018        0.    0.    0.
 -999.       833.3333       295.4663        0.    0.    0.
 -999.       830.0000       295.6313        0.    0.    0.
 -999.       826.6667       295.7971        0.    0.    0.
 -999.       823.3333       295.9638        0.    0.    0.
 -999.       820.0000       296.1313        0.    0.    0.
 -999.       816.6667       296.2994        0.    0.    0.
 -999.       813.3333       296.4682        0.    0.    0.
 -999.       810.0000       296.6380        0.    0.    0.
 -999.       806.6667       296.8086        0.    0.    0.
 -999.       803.3333       296.9799        0.    0.    0.
 -999.       800.0000       297.1520        0.    0.    0.
 -999.       796.6667       297.3249        0.    0.    0.
 -999.       793.3333       297.4987        0.    0.    0.
 -999.       790.0000       297.6733        0.    0.    0.
 -999.       786.6667       297.8487        0.    0.    0.
 -999.       783.3333       298.0250        0.    0.    0.
 -999.       780.0000       298.2022        0.    0.    0.
 -999.       776.6667       298.3802        0.    0.    0.
 -999.       773.3333       298.5591        0.    0.    0.
 -999.       770.0000       298.7388        0.    0.    0.
 -999.       766.6667       298.9195        0.    0.    0.
 -999.       763.3333       299.1010        0.    0.    0.
 -999.       760.0000       299.2834        0.    0.    0.
 -999.       756.6667       299.4668        0.    0.    0.
 -999.       753.3333       299.6511        0.    0.    0.
 -999.       750.0000       299.8363        0.    0.    0.
 -999.       746.6667       300.0224        0.    0.    0.
 -999.       743.3333       300.2095        0.    0.    0.
 -999.       740.0000       300.3976        0.    0.    0.
 -999.       736.6667       300.5865        0.    0.    0.
 -999.       733.3333       300.7766        0.    0.    0.
 -999.       730.0000       300.9676        0.    0.    0.
 -999.       726.6667       301.1595        0.    0.    0.
 -999.       723.3333       301.3524        0.    0.    0.
 -999.       720.0000       301.5465        0.    0.    0.
 -999.       716.6667       301.7415        0.    0.    0.
 -999.       713.3333       301.9376        0.    0.    0.
 -999.       710.0000       302.1346        0.    0.    0.
 -999.       706.6667       302.3328        0.    0.    0.
 -999.       703.3333       302.5320        0.    0.    0.
 -999.       700.0000       302.7323        0.    0.    0.
 -999.       696.6667       302.9338        0.    0.    0.
 -999.       693.3333       303.1362        0.    0.    0.
 -999.       690.0000       303.3398        0.    0.    0.
 -999.       686.6667       303.5444        0.    0.    0.
 -999.       683.3333       303.7503        0.    0.    0.
 -999.       680.0000       303.9574        0.    0.    0.
 -999.       676.6667       304.1655        0.    0.    0.
 -999.       673.3333       304.3749        0.    0.    0.
 -999.       670.0000       304.5853        0.    0.    0.
 -999.       666.6667       304.7971        0.    0.    0.
 -999.       663.3333       305.0100        0.    0.    0.
 -999.       660.0000       305.2242        0.    0.    0.
 -999.       656.6667       305.4395        0.    0.    0.
 -999.       653.3333       305.6562        0.    0.    0.
 -999.       650.0000       305.8741        0.    0.    0.
 -999.       646.6667       306.0933        0.    0.    0.
 -999.       643.3333       306.3137        0.    0.    0.
 -999.       640.0000       306.5355        0.    0.    0.
 -999.       636.6667       306.7585        0.    0.    0.
 -999.       633.3333       306.9830        0.    0.    0.
 -999.       630.0000       307.2088        0.    0.    0.
 -999.       626.6667       307.4359        0.    0.    0.
 -999.       623.3333       307.6644        0.    0.    0.
 -999.       620.0000       307.8943        0.    0.    0.
 -999.       616.6667       308.1256        0.    0.    0.
 -999.       613.3333       308.3585        0.    0.    0.
 -999.       610.0000       308.5927        0.    0.    0.
 -999.       606.6667       308.8283        0.    0.    0.
 -999.       603.3333       309.0654        0.    0.    0.
 -999.       600.0000       309.3041        0.    0.    0.
 -999.       596.6667       309.5443        0.    0.    0.
 -999.       593.3333       309.7860        0.    0.    0.
 -999.       590.0000       310.0293        0.    0.    0.
 -999.       586.6667       310.2742        0.    0.    0.
 -999.       583.3333       310.5206        0.    0.    0.
 -999.       580.0000       310.7686        0.    0.    0.
 -999.       576.6667       311.0183        0.    0.    0.
 -999.       573.3333       311.2695        0.    0.    0.
 -999.       570.0000       311.5226        0.    0.    0.
 -999.       566.6667       311.7773        0.    0.    0.
 -999.       563.3333       312.0337        0.    0.    0.
 -999.       560.0000       312.2918        0.    0.    0.
 -999.       556.6667       312.5516        0.    0.    0.
 -999.       553.3333       312.8134        0.    0.    0.
 -999.       550.0000       313.0768        0.    0.    0.
 -999.       546.6667       313.3422        0.    0.    0.
 -999.       543.3333       313.6093        0.    0.    0.
 -999.       540.0000       313.8783        0.    0.    0.
 -999.       536.6667       314.1493        0.    0.    0.
 -999.       533.3333       314.4221        0.    0.    0.
 -999.       530.0000       314.6969        0.    0.    0.
 -999.       526.6667       314.9738        0.    0.    0.
 -999.       523.3333       315.2525        0.    0.    0.
 -999.       520.0000       315.5334        0.    0.    0.
 -999.       516.6667       315.8163        0.    0.    0.
 -999.       513.3333       316.1013        0.    0.    0.
 -999.       510.0000       316.3884        0.    0.    0.
 -999.       506.6667       316.6776        0.    0.    0.
 -999.       503.3333       316.9691        0.    0.    0.
 -999.       500.0000       317.2626        0.    0.    0.
 -999.       496.6667       317.5586        0.    0.    0.
 -999.       493.3333       317.8568        0.    0.    0.
 -999.       490.0000       318.1572        0.    0.    0.
 -999.       486.6667       318.4600        0.    0.    0.
 -999.       483.3333       318.7652        0.    0.    0.
 -999.       480.0000       319.0728        0.    0.    0.
 -999.       476.6667       319.3828        0.    0.    0.
 -999.       473.3333       319.6954        0.    0.    0.
 -999.       470.0000       320.0104        0.    0.    0.
 -999.       466.6667       320.3281        0.    0.    0.
 -999.       463.3333       320.6483        0.    0.    0.
 -999.       460.0000       320.9711        0.    0.    0.
 -999.       456.6667       321.2966        0.    0.    0.
 -999.       453.3333       321.6248        0.    0.    0.
 -999.       450.0000       321.9558        0.    0.    0.
 -999.       446.6667       322.2897        0.    0.    0.
 -999.       443.3333       322.6264        0.    0.    0.
 -999.       440.0000       322.9660        0.    0.    0.
 -999.       436.6667       323.3085        0.    0.    0.
 -999.       433.3333       323.6540        0.    0.    0.
 -999.       430.0000       324.0026        0.    0.    0.
 -999.       426.6667       324.3543        0.    0.    0.
 -999.       423.3333       324.7091        0.    0.    0.
 -999.       420.0000       325.0671        0.    0.    0.
 -999.       416.6667       325.4284        0.    0.    0.
 -999.       413.3333       325.7929        0.    0.    0.
 -999.       410.0000       326.1609        0.    0.    0.
 -999.       406.6667       326.5323        0.    0.    0.
 -999.       403.3333       326.9073        0.    0.    0.
 -999.       400.0000       327.2857        0.    0.    0.
 -999.       396.6667       327.6677        0.    0.    0.
 -999.       393.3333       328.0534        0.    0.    0.
 -999.       390.0000       328.4428        0.    0.    0.
 -999.       386.6667       328.8362        0.    0.    0.
 -999.       383.3333       329.2332        0.    0.    0.
 -999.       380.0000       329.6345        0.    0.    0.
 -999.       376.6667       330.0396        0.    0.    0.
 -999.       373.3333       330.4490        0.    0.    0.
 -999.       370.0000       330.8624        0.    0.    0.
 -999.       366.6667       331.2802        0.    0.    0.
 -999.       363.3333       331.7023        0.    0.    0.
 -999.       360.0000       332.1288        0.    0.    0.
 -999.       356.6667       332.5598        0.    0.    0.
 -999.       353.3333       332.9955        0.    0.    0.
 -999.       350.0000       333.4360        0.    0.    0.
 -999.       346.6667       333.8811        0.    0.    0.
 -999.       343.3333       334.3313        0.    0.    0.
 -999.       340.0000       334.7864        0.    0.    0.
 -999.       336.6667       335.2467        0.    0.    0.
 -999.       333.3333       335.7121        0.    0.    0.
 -999.       330.0000       336.1830        0.    0.    0.
 -999.       326.6667       336.6593        0.    0.    0.
 -999.       323.3333       337.1411        0.    0.    0.
 -999.       320.0000       337.6287        0.    0.    0.
 -999.       316.6667       338.1220        0.    0.    0.
 -999.       313.3333       338.6214        0.    0.    0.
 -999.       310.0000       339.1268        0.    0.    0.
 -999.       306.6667       339.6385        0.    0.    0.
 -999.       303.3333       340.1566        0.    0.    0.
 -999.       300.0000       340.6812        0.    0.    0.
 -999.       296.6667       341.2124        0.    0.    0.
 -999.       293.3333       341.7506        0.    0.    0.
 -999.       290.0000       342.2957        0.    0.    0.
 -999.       286.6667       342.8481        0.    0.    0.
 -999.       283.3333       343.4077        0.    0.    0.
 -999.       280.0000       343.9751        0.    0.    0.
 -999.       276.6667       344.5501        0.    0.    0.
 -999.       273.3333       345.1331        0.    0.    0.
 -999.       270.0000       345.7242        0.    0.    0.
 -999.       266.6667       346.3238        0.    0.    0.
 -999.       263.3333       346.9319        0.    0.    0.
 -999.       260.0000       347.5489        0.    0.    0.
 -999.       256.6667       348.1750        0.    0.    0.
 -999.       253.3333       348.8104        0.    0.    0.
 -999.       250.0000       349.4554        0.    0.    0.
 -999.       246.6667       350.1104        0.    0.    0.
 -999.       243.3333       350.7753        0.    0.    0.
 -999.       240.0000       351.4509        0.    0.    0.
 -999.       236.6667       352.1372        0.    0.    0.
 -999.       233.3333       352.8347        0.    0.    0.
 -999.       230.0000       353.5435        0.    0.    0.
 -999.       226.6667       354.2642        0.    0.    0.
 -999.       223.3333       354.9971        0.    0.    0.
 -999.       220.0000       355.7426        0.    0.    0.
 -999.       216.6667       356.5009        0.    0.    0.
 -999.       213.3333       357.2728        0.    0.    0.
 -999.       210.0000       358.0586        0.    0.    0.
 -999.       206.6667       358.8587        0.    0.    0.
 -999.       203.3333       359.6736        0.    0.    0.
 -999.       200.0000       360.5039        0.    0.    0.
 -999.       196.6667       361.3501        0.    0.    0.
 -999.       193.3333       362.2129        0.    0.    0.
 -999.       190.0000       363.0929        0.    0.    0.
 -999.       186.6667       363.9908        0.    0.    0.
 -999.       183.3333       364.9075        0.    0.    0.
 -999.       180.0000       365.8444        0.    0.    0.
 -999.       176.6667       366.8026        0.    0.    0.
 -999.       173.3333       367.7838        0.    0.    0.
 -999.       170.0000       368.7900        0.    0.    0.
 -999.       166.6667       369.8239        0.    0.    0.
 -999.       163.3333       370.8881        0.    0.    0.
 -999.       160.0000       371.9859        0.    0.    0.
 -999.       156.6667       373.1216        0.    0.    0.
 -999.       153.3333       374.2994        0.    0.    0.
 -999.       150.0000       375.5247        0.    0.    0.
 -999.       146.6667       376.8037        0.    0.    0.
 -999.       143.3333       378.1432        0.    0.    0.
 -999.       140.0000       379.5511        0.    0.    0.
 -999.       136.6667       381.0362        0.    0.    0.
 -999.       133.3333       382.6087        0.    0.    0.
 -999.       130.0000       384.2796        0.    0.    0.
 -999.       126.6667       386.0617        0.    0.    0.
 -999.       123.3333       387.9689        0.    0.    0.
 -999.       120.0000       390.0168        0.    0.    0.
 -999.       116.6667       392.2230        0.    0.    0.
 -999.       113.3333       394.6065        0.    0.    0.
 -999.       110.0000       397.1887        0.    0.    0.
 -999.       106.6667       399.9934        0.    0.    0.
 -999.       103.3333       403.0468        0.    0.    0.
 -999.       100.0000       406.3779        0.    0.    0.
 -999.       96.66666       410.0186        0.    0.    0.
 -999.       93.33334       414.0044        0.    0.    0.
 -999.       90.00000       418.3747        0.    0.    0.
 -999.       86.66666       423.1730        0.    0.    0.
 -999.       83.33334       428.4477        0.    0.    0.
 -999.       80.00000       434.2524        0.    0.    0.
 -999.       76.66666       440.6473        0.    0.    0.
 -999.       73.33334       447.6995        0.    0.    0.
 -999.       70.00000       455.4842        0.    0.    0.
 -999.       66.66666       464.0863        0.    0.    0.
 -999.       63.33333       473.6019        0.    0.    0.
 -999.       60.00000       484.1405        0.    0.    0.
 -999.       56.66667       495.8279        0.    0.    0.
 -999.       53.33333       508.8091        0.    0.    0.
 -999.       50.00000       523.2538        0.    0.    0.
 -999.       46.66667       539.3622        0.    0.    0.
 -999.       43.33333       557.3734        0.    0.    0.
 -999.       40.00000       577.5777        0.    0.    0.
 -999.       36.66667       600.3336        0.    0.    0.
 -999.       33.33333       626.0939        0.    0.    0.
 -999.       30.00000       655.4446        0.    0.    0.
 -999.       26.66667       689.1689        0.    0.    0.
 -999.       23.33333       728.3546        0.    0.    0.
 -999.       20.00000       774.5869        0.    0.    0.
 -999.       16.66667       830.3309        0.    0.    0.
 -999.       13.33333       899.7604        0.    0.    0.
 -999.       10.00000       990.8848        0.    0.    0.
 -999.       6.666667       1122.460        0.    0.    0.
 -999.       3.333333       1359.365        0.    0.    0.
