  0.0000000E+00           1
   20.00000               2   20.00000    
   40.60000               3   20.60000    
   61.81800               4   21.21800    
   83.67254               5   21.85454    
   106.1827               6   22.51018    
   129.3682               7   23.18548    
   153.2492               8   23.88105    
   177.8467               9   24.59748    
   203.1821              10   25.33540    
   229.2776              11   26.09546    
   256.1559              12   26.87833    
   283.8406              13   27.68468    
   312.3558              14   28.51522    
   341.7265              15   29.37067    
   371.9783              16   30.25179    
   403.1376              17   31.15935    
   435.2318              18   32.09413    
   468.2887              19   33.05695    
   502.3373              20   34.04866    
   537.4075              21   35.07012    
   573.5297              22   36.12222    
   610.7355              23   37.20589    
   649.0576              24   38.32207    
   688.5294              25   39.47173    
   729.1852              26   40.65588    
   771.0608              27   41.87556    
   814.1926              28   43.13182    
   858.6184              29   44.42578    
   904.3770              30   45.75855    
   951.5082              31   47.13131    
   1000.053              32   48.54525    
   1050.056              33   50.00267    
   1102.559              34   52.50281    
   1157.687              35   55.12795    
   1215.571              36   57.88435    
   1276.350              37   60.77856    
   1340.167              38   63.81749    
   1407.176              39   67.00837    
   1477.535              40   70.35879    
   1551.411              41   73.87672    
   1628.982              42   77.57056    
   1710.431              43   81.44909    
   1795.952              44   85.52155    
   1885.750              45   89.79762    
   1980.037              46   94.28750    
   2079.039              47   99.00188    
   2194.847              48   115.8079    
   2333.817              49   138.9694    
   2500.580              50   166.7633    
   2700.696              51   200.1160    
   2940.835              52   240.1392    
   3229.002              53   288.1671    
   3574.803              54   345.8004    
   3989.763              55   414.9605    
   4487.716              56   497.9526    
   4987.716              57   500.0000    
   5487.716              58   500.0000    
   5987.716              59   500.0000    
   6487.716              60   500.0000    
   6987.716              61   500.0000    
   7487.716              62   500.0000    
   7987.716              63   500.0000    
   8487.716              64   500.0000    
   8987.716              65   500.0000    
   9487.716              66   500.0000    
   9987.716              67   500.0000    
   10487.72              68   500.0000    
   10987.72              69   500.0000    
   11487.72              70   500.0000    
   11987.72              71   500.0000    
   12487.72              72   500.0000    
   12987.72              73   500.0000    
   13487.72              74   500.0000    
   13987.72              75   500.0000    
   14487.72              76   500.0000    
   14987.72              77   500.0000    
   15487.72              78   500.0000    
   15987.72              79   500.0000    
   16487.71              80   500.0000    
   16987.71              81   500.0000    
   17487.71              82   500.0000    
   17987.71              83   500.0000    
   18487.71              84   500.0000    
   19057.39              85   569.6735    
   19708.44              86   651.0555    
   20452.51              87   744.0634    
   21302.86              88   850.3580    
   22274.70              89   971.8376    
   23385.37              90   1110.672    
   24654.71              91   1269.339    
   26105.39              92   1450.673    
   27605.39              93   1500.000    
   29105.39              94   1500.000    
   30605.39              95   1500.000    
   32105.39              96   1500.000    
   33605.39              97   1500.000    
   35105.39              98   1500.000    
