0.       1
40.      2  40.
81.6     3  41.6
124.864  4  43.264
169.859  5  44.9946
216.653  6  46.7943
265.319  7  48.6661
315.932  8  50.6128
368.569  9  52.6373
423.312  10  54.7427
480.244  11  56.9325
539.454  12  59.2098
601.032  13  61.5781
665.073  14  64.0413
731.676  15  66.6029
800.943  16  69.267
872.981  17  72.0377
947.9    18  74.9192
1025.82  19  77.916
1106.85  20  81.0326
1204.09  21  97.2391
1320.77  22  116.687
1460.8   23  140.024
1628.83  24  168.029
1830.46  25  201.635
2072.43  26  241.962
2362.78  27  290.355
2711.21  28  348.426
3129.32  29  418.111
3631.05  30  501.733
4132.78  31  501.733
4634.51  32  501.733
5136.25  33  501.733
5637.98  34  501.733
6139.71  35  501.733
6641.45  36  501.733
7143.18  37  501.733
7644.91  38  501.733
8146.65  39  501.733
8648.38  40  501.733
9150.11  41  501.733
9651.84  42  501.733
10153.6  43  501.733
10655.3  44  501.733
11157.   45  501.733
11658.8  46  501.733
12160.5  47  501.733
12662.2  48  501.733
13164    49  501.733
13665.7  50  501.733
14167.4  51  501.733
14669.2  52  501.733
15170.9  53  501.733
15672.6  54  501.733
16174.4  55  501.733
16676.1  56  501.733
17177.8  57  501.733
17679.6  58  501.733
18181.3  59  501.733
18683.   60  501.733
19209.8  61  526.819
19763.   62  553.16
20343.8  63  580.818
20953.7  64  609.859
21594.   65  640.352
22266.4  66  672.37
22972.4  67  705.988
23713.7  68  741.288
24492.   69  778.352
25309.3  70  817.269
26167.4  71  858.133
27068.5  72  901.04
28014.6  73  946.091
29008.   74  993.396
30051.   75  1043.07
31146.2  76  1095.22
32296.2  77  1149.98
33503.7  78  1207.48
34771.6  79  1267.85
36102.8  80  1331.25
37500.6  81  1397.81
