0  1
20  2  20
40.8  3  20.8
62.432  4  21.632
84.9293  5  22.4973
108.326  6  23.3972
132.66  7  24.3331
157.966  8  25.3064
184.285  9  26.3186
211.656  10  27.3714
240.122  11  28.4662
269.727  12  29.6049
300.516  13  30.7891
332.537  14  32.0206
365.838  15  33.3015
400.472  16  34.6335
436.491  17  36.0189
473.95  18  37.4596
512.908  19  38.958
553.424  20  40.5163
595.561  21  42.137
639.384  22  43.8224
684.959  23  45.5753
732.357  24  47.3983
781.652  25  49.2943
832.918  26  51.266
886.234  27  53.3167
941.684  28  55.4493
999.351  29  57.6673
1059.33  30  59.974
1121.7  31  62.373
1196.55  32  74.8476
1286.36  33  89.8171
1394.14  34  107.78
1523.48  35  129.337
1678.68  36  155.204
1864.93  37  186.245
2088.42  38  223.494
2356.61  39  268.192
2678.45  40  321.831
3064.64  41  386.197
3528.08  42  463.436
3991.52  43  463.436
4454.95  44  463.436
4918.39  45  463.436
5381.82  46  463.436
5845.26  47  463.436
6308.7  48  463.436
6772.13  49  463.436
7235.57  50  463.436
7699.01  51  463.436
8162.44  52  463.436
8625.88  53  463.436
9089.32  54  463.436
9552.75  55  463.436
10016.2  56  463.436
10479.6  57  463.436
10943.1  58  463.436
11406.5  59  463.436
11869.9  60  463.436
12333.4  61  463.436
12796.8  62  463.436
13260.2  63  463.436
13723.7  64  463.436
14187.1  65  463.436
14650.6  66  463.436
15114  67  463.436
15577.4  68  463.436
16040.9  69  463.436
16504.3  70  463.436
16967.7  71  463.436
17431.2  72  463.436
17894.6  73  463.436
18358  74  463.436
18821.5  75  463.436
19308.1  76  486.608
19819  77  510.939
20355.5  78  536.486
20918.8  79  563.31
21510.3  80  591.475
22131.3  81  621.049
22783.4  82  652.102
23468.2  83  684.707
24187.1  84  718.942
24942  85  754.889
25734.6  86  792.633
26566.9  87  832.265
27440.8  88  873.878
28358.3  89  917.572
29321.8  90  963.451
30333.4  91  1011.62
31395.6  92  1062.2
32510.9  93  1115.31
33682  94  1171.08
34911.6  95  1229.63
36202.8  96  1291.12
37558.4  97  1355.67
