 z[m] p[mb] tp[K] q[g/kg] u[m/s] v[m/s]
0. 100 1000.
-999.   1000   -300   0. 20   0.
-999.   990   -300   0. 20   0.
-999.   980   -300   0. 20   0.
-999.   970   -300   0. 20   0.
-999.   960   -300   0. 20   0.
-999.   950   -300   0. 20   0.
-999.   940   -300   0. 20   0.
-999.   930   -300   0. 20   0.
-999.   920   -300   0. 20   0.
-999.   910   -300   0. 20   0.
-999.   900   -300   0. 20   0.
-999.   890   -300   0. 20   0.
-999.   880   -300   0. 20   0.
-999.   870   -300   0. 20   0.
-999.   860   -300   0. 20   0.
-999.   850   -300   0. 20   0.
-999.   840   -300   0. 20   0.
-999.   830   -300   0. 20   0.
-999.   820   -300   0. 20   0.
-999.   810   -300   0. 20   0.
-999.   800   -300   0. 20   0.
-999.   790   -300   0. 20   0.
-999.   780   -300   0. 20   0.
-999.   770   -300   0. 20   0.
-999.   760   -300   0. 20   0.
-999.   750   -300   0. 20   0.
-999.   740   -300   0. 20   0.
-999.   730   -300   0. 20   0.
-999.   720   -300   0. 20   0.
-999.   710   -300   0. 20   0.
-999.   700   -300   0. 20   0.
-999.   690   -300   0. 20   0.
-999.   680   -300   0. 20   0.
-999.   670   -300   0. 20   0.
-999.   660   -300   0. 20   0.
-999.   650   -300   0. 20   0.
-999.   640   -300   0. 20   0.
-999.   630   -300   0. 20   0.
-999.   620   -300   0. 20   0.
-999.   610   -300   0. 20   0.
-999.   600   -300   0. 20   0.
-999.   590   -300   0. 20   0.
-999.   580   -300   0. 20   0.
-999.   570   -300   0. 20   0.
-999.   560   -300   0. 20   0.
-999.   550   -300   0. 20   0.
-999.   540   -300   0. 20   0.
-999.   530   -300   0. 20   0.
-999.   520   -300   0. 20   0.
-999.   510   -300   0. 20   0.
-999.   500   -300   0. 20   0.
-999.   490   -300   0. 20   0.
-999.   480   -300   0. 20   0.
-999.   470   -300   0. 20   0.
-999.   460   -300   0. 20   0.
-999.   450   -300   0. 20   0.
-999.   440   -300   0. 20   0.
-999.   430   -300   0. 20   0.
-999.   420   -300   0. 20   0.
-999.   410   -300   0. 20   0.
-999.   400   -300   0. 20   0.
-999.   390   -300   0. 20   0.
-999.   380   -300   0. 20   0.
-999.   370   -300   0. 20   0.
-999.   360   -300   0. 20   0.
-999.   350   -300   0. 20   0.
-999.   340   -300   0. 20   0.
-999.   330   -300   0. 20   0.
-999.   320   -300   0. 20   0.
-999.   310   -300   0. 20   0.
-999.   300   -300   0. 20   0.
-999.   290   -300   0. 20   0.
-999.   280   -300   0. 20   0.
-999.   270   -300   0. 20   0.
-999.   260   -300   0. 20   0.
-999.   250   -300   0. 20   0.
-999.   240   -300   0. 20   0.
-999.   230   -300   0. 20   0.
-999.   220   -300   0. 20   0.
-999.   210   -300   0. 20   0.
-999.   200   -300   0. 20   0.
-999.   190   -300   0. 20   0.
-999.   180   -300   0. 20   0.
-999.   170   -300   0. 20   0.
-999.   160   -300   0. 20   0.
-999.   150   -300   0. 20   0.
-999.   140   -300   0. 20   0.
-999.   130   -300   0. 20   0.
-999.   120   -300   0. 20   0.
-999.   110   -300   0. 20   0.
-999.   100   -300   0. 20   0.
-999.   90   -300   0. 20   0.
-999.   80   -300   0. 20   0.
-999.   70   -300   0. 20   0.
-999.   60   -300   0. 20   0.
-999.   50   -300   0. 20   0.
-999.   40   -300   0. 20   0.
-999.   30   -300   0. 20   0.
-999.   20   -300   0. 20   0.
-999.   10   -300   0. 20   0.
1000. 100 1000.
-999.   1000   -300   0. 20   0.
-999.   990   -300   0. 20   0.
-999.   980   -300   0. 20   0.
-999.   970   -300   0. 20   0.
-999.   960   -300   0. 20   0.
-999.   950   -300   0. 20   0.
-999.   940   -300   0. 20   0.
-999.   930   -300   0. 20   0.
-999.   920   -300   0. 20   0.
-999.   910   -300   0. 20   0.
-999.   900   -300   0. 20   0.
-999.   890   -300   0. 20   0.
-999.   880   -300   0. 20   0.
-999.   870   -300   0. 20   0.
-999.   860   -300   0. 20   0.
-999.   850   -300   0. 20   0.
-999.   840   -300   0. 20   0.
-999.   830   -300   0. 20   0.
-999.   820   -300   0. 20   0.
-999.   810   -300   0. 20   0.
-999.   800   -300   0. 20   0.
-999.   790   -300   0. 20   0.
-999.   780   -300   0. 20   0.
-999.   770   -300   0. 20   0.
-999.   760   -300   0. 20   0.
-999.   750   -300   0. 20   0.
-999.   740   -300   0. 20   0.
-999.   730   -300   0. 20   0.
-999.   720   -300   0. 20   0.
-999.   710   -300   0. 20   0.
-999.   700   -300   0. 20   0.
-999.   690   -300   0. 20   0.
-999.   680   -300   0. 20   0.
-999.   670   -300   0. 20   0.
-999.   660   -300   0. 20   0.
-999.   650   -300   0. 20   0.
-999.   640   -300   0. 20   0.
-999.   630   -300   0. 20   0.
-999.   620   -300   0. 20   0.
-999.   610   -300   0. 20   0.
-999.   600   -300   0. 20   0.
-999.   590   -300   0. 20   0.
-999.   580   -300   0. 20   0.
-999.   570   -300   0. 20   0.
-999.   560   -300   0. 20   0.
-999.   550   -300   0. 20   0.
-999.   540   -300   0. 20   0.
-999.   530   -300   0. 20   0.
-999.   520   -300   0. 20   0.
-999.   510   -300   0. 20   0.
-999.   500   -300   0. 20   0.
-999.   490   -300   0. 20   0.
-999.   480   -300   0. 20   0.
-999.   470   -300   0. 20   0.
-999.   460   -300   0. 20   0.
-999.   450   -300   0. 20   0.
-999.   440   -300   0. 20   0.
-999.   430   -300   0. 20   0.
-999.   420   -300   0. 20   0.
-999.   410   -300   0. 20   0.
-999.   400   -300   0. 20   0.
-999.   390   -300   0. 20   0.
-999.   380   -300   0. 20   0.
-999.   370   -300   0. 20   0.
-999.   360   -300   0. 20   0.
-999.   350   -300   0. 20   0.
-999.   340   -300   0. 20   0.
-999.   330   -300   0. 20   0.
-999.   320   -300   0. 20   0.
-999.   310   -300   0. 20   0.
-999.   300   -300   0. 20   0.
-999.   290   -300   0. 20   0.
-999.   280   -300   0. 20   0.
-999.   270   -300   0. 20   0.
-999.   260   -300   0. 20   0.
-999.   250   -300   0. 20   0.
-999.   240   -300   0. 20   0.
-999.   230   -300   0. 20   0.
-999.   220   -300   0. 20   0.
-999.   210   -300   0. 20   0.
-999.   200   -300   0. 20   0.
-999.   190   -300   0. 20   0.
-999.   180   -300   0. 20   0.
-999.   170   -300   0. 20   0.
-999.   160   -300   0. 20   0.
-999.   150   -300   0. 20   0.
-999.   140   -300   0. 20   0.
-999.   130   -300   0. 20   0.
-999.   120   -300   0. 20   0.
-999.   110   -300   0. 20   0.
-999.   100   -300   0. 20   0.
-999.   90   -300   0. 20   0.
-999.   80   -300   0. 20   0.
-999.   70   -300   0. 20   0.
-999.   60   -300   0. 20   0.
-999.   50   -300   0. 20   0.
-999.   40   -300   0. 20   0.
-999.   30   -300   0. 20   0.
-999.   20   -300   0. 20   0.
-999.   10   -300   0. 20   0.
